# iter    u              v              w              rho              Re
 1900500  0.599215E-01  -0.136488E-01   0.713009E-02   0.991739E+00	1000 
 1901000  0.695387E-01  -0.146407E-01   0.758172E-02   0.991035E+00	1000
 1901500  0.768007E-01  -0.151643E-01   0.716562E-02   0.990401E+00	1000
 1902000  0.788109E-01  -0.137701E-01   0.744366E-02   0.989632E+00	1000
 1902500  0.743012E-01  -0.904186E-02   0.945495E-02   0.988874E+00	1000
 1903000  0.682360E-01  -0.195171E-02   0.131217E-01   0.988290E+00	1000
 1903500  0.686006E-01   0.374459E-02   0.164441E-01   0.987941E+00	1000
 1904000  0.694221E-01   0.808444E-02   0.177341E-01   0.987867E+00	1000
 1904500  0.659060E-01   0.117049E-01   0.162046E-01   0.988282E+00	1000
 1905000  0.604542E-01   0.135643E-01   0.125616E-01   0.988985E+00	1000
 1905500  0.551499E-01   0.132713E-01   0.835434E-02   0.990043E+00	1000
 1906000  0.506478E-01   0.112478E-01   0.470898E-02   0.991232E+00	1000
 1906500  0.464994E-01   0.817324E-02   0.203377E-02   0.992490E+00	1000
 1907000  0.419845E-01   0.436331E-02   0.146807E-03   0.993819E+00	1000
 1907500  0.369666E-01   0.197831E-04  -0.138898E-02   0.994825E+00	1000
 1908000  0.322344E-01  -0.400925E-02  -0.251783E-02   0.995264E+00	1000
 1908500  0.295610E-01  -0.619926E-02  -0.222958E-02   0.995413E+00	1000
 1909000  0.287935E-01  -0.577132E-02   0.695208E-03   0.995112E+00	1000
 1909500  0.276729E-01  -0.363348E-02   0.702035E-02   0.994747E+00	1000
 1910000  0.300327E-01  -0.137372E-02   0.138003E-01   0.993999E+00	1000
 1910500  0.388782E-01  -0.465481E-03   0.167160E-01   0.992973E+00	1000
 1911000  0.459672E-01  -0.186097E-02   0.148742E-01   0.992056E+00	1000
 1911500  0.492237E-01  -0.480437E-02   0.946144E-02   0.991440E+00	1000
 1912000  0.523978E-01  -0.794579E-02   0.311134E-02   0.991318E+00	1000
 1912500  0.574283E-01  -0.990718E-02  -0.773850E-03   0.991420E+00	1000
 1913000  0.621874E-01  -0.103817E-01  -0.476230E-03   0.991524E+00	1000
 1913500  0.642714E-01  -0.100123E-01   0.206967E-02   0.991385E+00	1000
 1914000  0.626570E-01  -0.829478E-02   0.517242E-02   0.991048E+00	1000
 1914500  0.574504E-01  -0.390951E-02   0.923003E-02   0.990621E+00	1000
 1915000  0.549073E-01   0.179980E-02   0.139780E-01   0.990284E+00	1000
 1915500  0.585160E-01   0.592716E-02   0.174956E-01   0.990021E+00	1000
 1916000  0.600574E-01   0.925699E-02   0.190773E-01   0.989990E+00	1000
 1916500  0.572314E-01   0.119645E-01   0.180473E-01   0.990088E+00	1000
 1917000  0.526476E-01   0.132217E-01   0.145432E-01   0.990395E+00	1000
 1917500  0.481442E-01   0.123513E-01   0.983959E-02   0.991110E+00	1000
 1918000  0.443101E-01   0.910520E-02   0.531589E-02   0.992154E+00	1000
 1918500  0.408994E-01   0.395990E-02   0.147939E-02   0.993153E+00	1000
 1919000  0.370070E-01  -0.185011E-02  -0.195706E-02   0.993874E+00	1000
 1919500  0.332519E-01  -0.625785E-02  -0.454596E-02   0.994446E+00	1000
 1920000  0.326159E-01  -0.703277E-02  -0.406670E-02   0.993913E+00	1000
 1920500  0.316237E-01  -0.443294E-02   0.588044E-03   0.993422E+00	1000
 1921000  0.292782E-01  -0.726113E-03   0.743804E-02   0.993125E+00	1000
 1921500  0.309035E-01   0.221736E-02   0.129022E-01   0.992734E+00	1000
 1922000  0.375509E-01   0.389796E-02   0.157425E-01   0.992359E+00	1000
 1922500  0.432941E-01   0.458449E-02   0.162166E-01   0.991865E+00	1000
 1923000  0.455172E-01   0.417504E-02   0.139633E-01   0.991640E+00	1000
 1923500  0.451674E-01   0.232908E-02   0.919204E-02   0.991769E+00	1000
 1924000  0.432195E-01  -0.122682E-02   0.309283E-02   0.992133E+00	1000
 1924500  0.412277E-01  -0.611874E-02  -0.274185E-02   0.992443E+00	1000
 1925000  0.432111E-01  -0.102211E-01  -0.577178E-02   0.992437E+00	1000
 1925500  0.500717E-01  -0.118002E-01  -0.430913E-02   0.992099E+00	1000
 1926000  0.529689E-01  -0.105055E-01   0.222404E-03   0.991412E+00	1000
 1926500  0.488104E-01  -0.486170E-02   0.872394E-02   0.990807E+00	1000
 1927000  0.496114E-01   0.161170E-02   0.170833E-01   0.990287E+00	1000
 1927500  0.555010E-01   0.595392E-02   0.220984E-01   0.989820E+00	1000
 1928000  0.563627E-01   0.891759E-02   0.244590E-01   0.989618E+00	1000
 1928500  0.535930E-01   0.109893E-01   0.235414E-01   0.989847E+00	1000
 1929000  0.502003E-01   0.121608E-01   0.194752E-01   0.990141E+00	1000
 1929500  0.465725E-01   0.117487E-01   0.134027E-01   0.990945E+00	1000
 1930000  0.430503E-01   0.912933E-02   0.727647E-02   0.991750E+00	1000
 1930500  0.391242E-01   0.499572E-02   0.236697E-02   0.992553E+00	1000
 1931000  0.342602E-01   0.730303E-03  -0.118901E-02   0.993148E+00	1000
 1931500  0.289191E-01  -0.180733E-02  -0.309309E-02   0.993354E+00	1000
 1932000  0.246228E-01  -0.167057E-02  -0.232512E-02   0.993282E+00	1000
 1932500  0.218293E-01  -0.962243E-04   0.111515E-02   0.993127E+00	1000
 1933000  0.206934E-01   0.104491E-02   0.546471E-02   0.993002E+00	1000
 1933500  0.226381E-01   0.173031E-02   0.870426E-02   0.992660E+00	1000
 1934000  0.276123E-01   0.236301E-02   0.101452E-01   0.992276E+00	1000
 1934500  0.322627E-01   0.235771E-02   0.987021E-02   0.992288E+00	1000
 1935000  0.348687E-01   0.120646E-02   0.788938E-02   0.992459E+00	1000
 1935500  0.353821E-01  -0.131520E-02   0.459531E-02   0.992842E+00	1000
 1936000  0.346473E-01  -0.498994E-02   0.736822E-03   0.993032E+00	1000
 1936500  0.341435E-01  -0.871022E-02  -0.249855E-02   0.993113E+00	1000
 1937000  0.369990E-01  -0.107442E-01  -0.317678E-02   0.992866E+00	1000
 1937500  0.423432E-01  -0.106245E-01  -0.603659E-03   0.992167E+00	1000
 1938000  0.445213E-01  -0.834725E-02   0.435036E-02   0.991468E+00	1000
 1938500  0.438222E-01  -0.407510E-02   0.105764E-01   0.990939E+00	1000
 1939000  0.472807E-01   0.329280E-03   0.160140E-01   0.990329E+00	1000
 1939500  0.540071E-01   0.379696E-02   0.199361E-01   0.989616E+00	1000
 1940000  0.567901E-01   0.679834E-02   0.222308E-01   0.989344E+00	1000
 1940500  0.554194E-01   0.914131E-02   0.218519E-01   0.989397E+00	1000
 1941000  0.521709E-01   0.103594E-01   0.184143E-01   0.989913E+00	1000
 1941500  0.482783E-01   0.100731E-01   0.128321E-01   0.990684E+00	1000
 1942000  0.441059E-01   0.804798E-02   0.685590E-02   0.991299E+00	1000
 1942500  0.392868E-01   0.521352E-02   0.198524E-02   0.991800E+00	1000
 1943000  0.342002E-01   0.313466E-02  -0.901449E-03   0.991851E+00	1000
 1943500  0.296969E-01   0.257712E-02  -0.119481E-02   0.991919E+00	1000
 1944000  0.265118E-01   0.281482E-02   0.801266E-03   0.992282E+00	1000
 1944500  0.247393E-01   0.273833E-02   0.344855E-02   0.992664E+00	1000
 1945000  0.245467E-01   0.238141E-02   0.524931E-02   0.992943E+00	1000
 1945500  0.257711E-01   0.199148E-02   0.576565E-02   0.993145E+00	1000
 1946000  0.273193E-01   0.115506E-02   0.515338E-02   0.993083E+00	1000
 1946500  0.281632E-01  -0.427272E-03   0.381981E-02   0.992964E+00	1000
 1947000  0.281149E-01  -0.253931E-02   0.235441E-02   0.992982E+00	1000
 1947500  0.277354E-01  -0.467557E-02   0.131272E-02   0.993024E+00	1000
 1948000  0.278233E-01  -0.647133E-02   0.105297E-02   0.993076E+00	1000
 1948500  0.290982E-01  -0.766393E-02   0.148388E-02   0.992878E+00	1000
 1949000  0.319336E-01  -0.796512E-02   0.216211E-02   0.992548E+00	1000
 1949500  0.352001E-01  -0.678787E-02   0.384508E-02   0.992068E+00	1000
 1950000  0.372355E-01  -0.409216E-02   0.780793E-02   0.991712E+00	1000
 1950500  0.407834E-01  -0.107715E-02   0.124168E-01   0.991539E+00	1000
 1951000  0.469187E-01   0.146127E-02   0.155881E-01   0.991306E+00	1000
 1951500  0.509403E-01   0.359987E-02   0.166929E-01   0.990936E+00	1000
 1952000  0.514230E-01   0.553022E-02   0.155405E-01   0.990519E+00	1000
 1952500  0.496733E-01   0.714332E-02   0.128334E-01   0.990196E+00	1000
 1953000  0.468446E-01   0.819989E-02   0.967950E-02   0.990099E+00	1000
 1953500  0.437367E-01   0.837522E-02   0.684297E-02   0.990508E+00	1000
 1954000  0.408304E-01   0.749798E-02   0.455274E-02   0.991041E+00	1000
 1954500  0.380693E-01   0.578031E-02   0.272724E-02   0.991573E+00	1000
 1955000  0.351682E-01   0.377804E-02   0.127469E-02   0.991904E+00	1000
 1955500  0.321198E-01   0.230250E-02   0.350058E-03   0.991945E+00	1000
 1956000  0.292228E-01   0.199862E-02   0.428253E-03   0.992029E+00	1000
 1956500  0.270591E-01   0.247817E-02   0.176133E-02   0.992212E+00	1000
 1957000  0.258665E-01   0.291885E-02   0.369599E-02   0.992496E+00	1000
 1957500  0.256421E-01   0.306339E-02   0.526133E-02   0.992790E+00	1000
 1958000  0.263703E-01   0.305211E-02   0.607246E-02   0.993030E+00	1000
 1958500  0.275535E-01   0.271967E-02   0.620149E-02   0.993179E+00	1000
 1959000  0.287058E-01   0.168769E-02   0.576561E-02   0.993349E+00	1000
 1959500  0.296204E-01  -0.307714E-03   0.480935E-02   0.993597E+00	1000
 1960000  0.301258E-01  -0.343219E-02   0.324140E-02   0.993927E+00	1000
 1960500  0.303074E-01  -0.760466E-02   0.972832E-03   0.994128E+00	1000
 1961000  0.326249E-01  -0.118029E-01  -0.126652E-02   0.994111E+00	1000
 1961500  0.410327E-01  -0.139818E-01  -0.175365E-02   0.993713E+00	1000
 1962000  0.474347E-01  -0.130249E-01   0.212919E-02   0.992936E+00	1000
 1962500  0.470073E-01  -0.850642E-02   0.115194E-01   0.992235E+00	1000
 1963000  0.520718E-01  -0.374258E-02   0.200308E-01   0.991704E+00	1000
 1963500  0.594339E-01  -0.705366E-03   0.249812E-01   0.990963E+00	1000
 1964000  0.613643E-01   0.188475E-02   0.266068E-01   0.990246E+00	1000
 1964500  0.604610E-01   0.460458E-02   0.250640E-01   0.989669E+00	1000
 1965000  0.582060E-01   0.706875E-02   0.211241E-01   0.989229E+00	1000
 1965500  0.546037E-01   0.885028E-02   0.157479E-01   0.989247E+00	1000
 1966000  0.501425E-01   0.954222E-02   0.101402E-01   0.989723E+00	1000
 1966500  0.454823E-01   0.890626E-02   0.541117E-02   0.990432E+00	1000
 1967000  0.410328E-01   0.729929E-02   0.210305E-02   0.991047E+00	1000
 1967500  0.368778E-01   0.541358E-02   0.211577E-03   0.991476E+00	1000
 1968000  0.330698E-01   0.409745E-02  -0.389087E-03   0.991849E+00	1000
 1968500  0.299293E-01   0.367650E-02   0.235039E-03   0.992199E+00	1000
 1969000  0.277006E-01   0.365031E-02   0.173768E-02   0.992597E+00	1000
 1969500  0.264109E-01   0.351059E-02   0.337284E-02   0.993091E+00	1000
 1970000  0.260949E-01   0.310158E-02   0.452640E-02   0.993403E+00	1000
 1970500  0.265515E-01   0.235440E-02   0.503129E-02   0.993720E+00	1000
 1971000  0.276172E-01   0.110691E-02   0.493578E-02   0.993789E+00	1000
 1971500  0.287855E-01  -0.951263E-03   0.423910E-02   0.993878E+00	1000
 1972000  0.297177E-01  -0.403635E-02   0.285378E-02   0.994046E+00	1000
 1972500  0.308543E-01  -0.810894E-02   0.816159E-03   0.994142E+00	1000
 1973000  0.356491E-01  -0.121707E-01  -0.856001E-03   0.994087E+00	1000
 1973500  0.472617E-01  -0.149443E-01  -0.755865E-03   0.993585E+00	1000
 1974000  0.563659E-01  -0.160857E-01   0.177346E-02   0.992543E+00	1000
 1974500  0.560061E-01  -0.128957E-01   0.952246E-02   0.991419E+00	1000
 1975000  0.571271E-01  -0.716998E-02   0.191897E-01   0.990650E+00	1000
 1975500  0.639845E-01  -0.313670E-02   0.259483E-01   0.990115E+00	1000
 1976000  0.655329E-01   0.150959E-03   0.296762E-01   0.989543E+00	1000
 1976500  0.637015E-01   0.384529E-02   0.297790E-01   0.989103E+00	1000
 1977000  0.611735E-01   0.732702E-02   0.268526E-01   0.989110E+00	1000
 1977500  0.581454E-01   0.987754E-02   0.215751E-01   0.989229E+00	1000
 1978000  0.543301E-01   0.111737E-01   0.147125E-01   0.989473E+00	1000
 1978500  0.499228E-01   0.107379E-01   0.793271E-02   0.990064E+00	1000
 1979000  0.452736E-01   0.871724E-02   0.279206E-02   0.990857E+00	1000
 1979500  0.405526E-01   0.596111E-02  -0.328337E-03   0.991742E+00	1000
 1980000  0.358871E-01   0.358544E-02  -0.175843E-02   0.992422E+00	1000
 1980500  0.316070E-01   0.238159E-02  -0.169102E-02   0.992859E+00	1000
 1981000  0.282637E-01   0.220150E-02  -0.201939E-03   0.993083E+00	1000
 1981500  0.260921E-01   0.229867E-02   0.215759E-02   0.993293E+00	1000
 1982000  0.250618E-01   0.215516E-02   0.437180E-02   0.993715E+00	1000
 1982500  0.253284E-01   0.187230E-02   0.569500E-02   0.994160E+00	1000
 1983000  0.266034E-01   0.122607E-02   0.600431E-02   0.994451E+00	1000
 1983500  0.279462E-01   0.454166E-04   0.544138E-02   0.994592E+00	1000
 1984000  0.289564E-01  -0.193380E-02   0.419379E-02   0.994299E+00	1000
 1984500  0.293414E-01  -0.459502E-02   0.253728E-02   0.994169E+00	1000
 1985000  0.301993E-01  -0.756875E-02   0.943444E-03   0.993945E+00	1000
 1985500  0.333260E-01  -0.101349E-01   0.215627E-03   0.993947E+00	1000
 1986000  0.408971E-01  -0.121330E-01   0.761003E-03   0.993787E+00	1000
 1986500  0.510297E-01  -0.135396E-01   0.204068E-02   0.993067E+00	1000
 1987000  0.565284E-01  -0.131118E-01   0.495104E-02   0.992185E+00	1000
 1987500  0.556036E-01  -0.900550E-02   0.109239E-01   0.991359E+00	1000
 1988000  0.572938E-01  -0.354193E-02   0.178615E-01   0.990554E+00	1000
 1988500  0.639796E-01   0.441122E-03   0.228171E-01   0.990104E+00	1000
 1989000  0.660138E-01   0.376659E-02   0.250784E-01   0.989970E+00	1000
 1989500  0.639344E-01   0.709078E-02   0.236140E-01   0.989890E+00	1000
 1990000  0.601385E-01   0.995068E-02   0.192054E-01   0.989995E+00	1000
 1990500  0.555000E-01   0.116316E-01   0.135646E-01   0.990197E+00	1000
 1991000  0.507888E-01   0.116624E-01   0.828797E-02   0.990632E+00	1000
 1991500  0.463101E-01   0.101708E-01   0.436718E-02   0.991294E+00	1000
 1992000  0.421220E-01   0.744097E-02   0.186720E-02   0.992052E+00	1000
 1992500  0.378938E-01   0.435256E-02   0.317725E-03   0.992869E+00	1000
 1993000  0.335138E-01   0.196210E-02  -0.557309E-03   0.993293E+00	1000
 1993500  0.294508E-01   0.106471E-02  -0.464087E-03   0.993490E+00	1000
 1994000  0.265068E-01   0.137568E-02   0.104567E-02   0.993544E+00	1000
 1994500  0.248005E-01   0.161893E-02   0.351065E-02   0.993742E+00	1000
 1995000  0.245185E-01   0.127780E-02   0.567907E-02   0.993775E+00	1000
 1995500  0.259872E-01   0.572057E-03   0.669261E-02   0.993863E+00	1000
 1996000  0.283056E-01  -0.635898E-03   0.625161E-02   0.993983E+00	1000
 1996500  0.299915E-01  -0.285554E-02   0.437444E-02   0.993912E+00	1000
 1997000  0.307694E-01  -0.588295E-02   0.173431E-02   0.993826E+00	1000
 1997500  0.327099E-01  -0.860759E-02  -0.203891E-03   0.993469E+00	1000
 1998000  0.374162E-01  -0.101054E-01   0.281746E-03   0.993360E+00	1000
 1998500  0.449153E-01  -0.111599E-01   0.249104E-02   0.992950E+00	1000
 1999000  0.549122E-01  -0.126634E-01   0.354540E-02   0.992239E+00	1000
 1999500  0.619832E-01  -0.132325E-01   0.465841E-02   0.991430E+00	1000
 2000000  0.612978E-01  -0.990769E-02   0.884172E-02   0.990508E+00	1000
 2000500  0.586543E-01  -0.363233E-02   0.154672E-01   0.989898E+00	1000
 2001000  0.627942E-01   0.115074E-02   0.206686E-01   0.989643E+00	1000
 2001500  0.655578E-01   0.469197E-02   0.234708E-01   0.989620E+00	1000
 2002000  0.635342E-01   0.806683E-02   0.229935E-01   0.989807E+00	1000
 2002500  0.592705E-01   0.106826E-01   0.193759E-01   0.990324E+00	1000
 2003000  0.540917E-01   0.120803E-01   0.140017E-01   0.990993E+00	1000
 2003500  0.487025E-01   0.118470E-01   0.863888E-02   0.991755E+00	1000
 2004000  0.436219E-01   0.101454E-01   0.458215E-02   0.992371E+00	1000
 2004500  0.390667E-01   0.759573E-02   0.213430E-02   0.992946E+00	1000
 2005000  0.349062E-01   0.499601E-02   0.965016E-03   0.993467E+00	1000
 2005500  0.311194E-01   0.269535E-02   0.632845E-03   0.993860E+00	1000
 2006000  0.278226E-01   0.106259E-02   0.884570E-03   0.994358E+00	1000
 2006500  0.254115E-01   0.406244E-04   0.165173E-02   0.994724E+00	1000
 2007000  0.240438E-01  -0.741707E-03   0.280204E-02   0.995048E+00	1000
 2007500  0.239324E-01  -0.165047E-02   0.395065E-02   0.995083E+00	1000
 2008000  0.250251E-01  -0.277688E-02   0.458349E-02   0.994945E+00	1000
 2008500  0.268206E-01  -0.412792E-02   0.434798E-02   0.994689E+00	1000
 2009000  0.289047E-01  -0.554213E-02   0.346821E-02   0.994071E+00	1000
 2009500  0.313707E-01  -0.629323E-02   0.299275E-02   0.993359E+00	1000
 2010000  0.343019E-01  -0.589220E-02   0.403266E-02   0.992771E+00	1000
 2010500  0.376830E-01  -0.477237E-02   0.624149E-02   0.992406E+00	1000
 2011000  0.417879E-01  -0.382035E-02   0.793230E-02   0.992159E+00	1000
 2011500  0.455066E-01  -0.361155E-02   0.782342E-02   0.992037E+00	1000
 2012000  0.476091E-01  -0.408979E-02   0.589577E-02   0.991984E+00	1000
 2012500  0.484377E-01  -0.433712E-02   0.347548E-02   0.991800E+00	1000
 2013000  0.476988E-01  -0.296181E-02   0.245862E-02   0.991649E+00	1000
 2013500  0.454345E-01   0.173754E-03   0.385273E-02   0.991471E+00	1000
 2014000  0.441533E-01   0.357701E-02   0.677491E-02   0.991116E+00	1000
 2014500  0.452484E-01   0.606435E-02   0.923252E-02   0.990773E+00	1000
 2015000  0.464060E-01   0.790496E-02   0.101980E-01   0.990563E+00	1000
 2015500  0.455773E-01   0.907041E-02   0.954542E-02   0.990650E+00	1000
 2016000  0.433633E-01   0.899641E-02   0.766976E-02   0.991069E+00	1000
 2016500  0.407090E-01   0.749713E-02   0.533165E-02   0.991819E+00	1000
 2017000  0.379326E-01   0.473065E-02   0.311788E-02   0.992690E+00	1000
 2017500  0.349121E-01   0.125467E-02   0.119907E-02   0.993312E+00	1000
 2018000  0.313892E-01  -0.197465E-02  -0.357547E-03   0.993674E+00	1000
 2018500  0.280464E-01  -0.367673E-02  -0.986389E-03   0.993662E+00	1000
 2019000  0.257461E-01  -0.313625E-02   0.338301E-03   0.993366E+00	1000
 2019500  0.245792E-01  -0.126732E-02   0.375845E-02   0.993013E+00	1000
 2020000  0.253917E-01   0.393843E-03   0.773762E-02   0.992581E+00	1000
 2020500  0.295076E-01   0.150303E-02   0.104582E-01   0.992268E+00	1000
 2021000  0.352675E-01   0.206331E-02   0.111918E-01   0.992141E+00	1000
 2021500  0.391274E-01   0.137995E-02   0.951745E-02   0.992143E+00	1000
 2022000  0.402803E-01  -0.108934E-02   0.552056E-02   0.992340E+00	1000
 2022500  0.400182E-01  -0.515614E-02   0.364585E-03   0.992688E+00	1000
 2023000  0.420820E-01  -0.923928E-02  -0.367569E-02   0.992894E+00	1000
 2023500  0.485854E-01  -0.111625E-01  -0.382542E-02   0.992589E+00	1000
 2024000  0.525336E-01  -0.106286E-01   0.106190E-04   0.992104E+00	1000
 2024500  0.494080E-01  -0.679834E-02   0.708225E-02   0.991721E+00	1000
 2025000  0.471394E-01  -0.119254E-02   0.147693E-01   0.991209E+00	1000
 2025500  0.520067E-01   0.335236E-02   0.199438E-01   0.990702E+00	1000
 2026000  0.559111E-01   0.693001E-02   0.229695E-01   0.990242E+00	1000
 2026500  0.552120E-01   0.990537E-02   0.236304E-01   0.989947E+00	1000
 2027000  0.519428E-01   0.118908E-01   0.214452E-01   0.990285E+00	1000
 2027500  0.478116E-01   0.125488E-01   0.167875E-01   0.991043E+00	1000
 2028000  0.436300E-01   0.113324E-01   0.108962E-01   0.991890E+00	1000
 2028500  0.392791E-01   0.817281E-02   0.523694E-02   0.992866E+00	1000
 2029000  0.345166E-01   0.396054E-02   0.571834E-03   0.993587E+00	1000
 2029500  0.293946E-01   0.202424E-03  -0.274972E-02   0.993645E+00	1000
 2030000  0.246800E-01  -0.156755E-02  -0.382028E-02   0.993470E+00	1000
 2030500  0.214860E-01  -0.125484E-02  -0.176626E-02   0.993504E+00	1000
 2031000  0.200013E-01  -0.318370E-03   0.235196E-02   0.993630E+00	1000
 2031500  0.207112E-01   0.594191E-03   0.610320E-02   0.993636E+00	1000
 2032000  0.245871E-01   0.154776E-02   0.793236E-02   0.993205E+00	1000
 2032500  0.292913E-01   0.207423E-02   0.792746E-02   0.992584E+00	1000
 2033000  0.323187E-01   0.173703E-02   0.674635E-02   0.992207E+00	1000
 2033500  0.335358E-01   0.512167E-03   0.508549E-02   0.992302E+00	1000
 2034000  0.336857E-01  -0.141906E-02   0.334796E-02   0.992674E+00	1000
 2034500  0.332055E-01  -0.378412E-02   0.153806E-02   0.993022E+00	1000
 2035000  0.326077E-01  -0.629366E-02  -0.347073E-03   0.993210E+00	1000
 2035500  0.332626E-01  -0.811782E-02  -0.180241E-02   0.992858E+00	1000
 2036000  0.353549E-01  -0.774987E-02  -0.157682E-02   0.992347E+00	1000
 2036500  0.357170E-01  -0.450862E-02   0.215981E-02   0.991941E+00	1000
 2037000  0.355878E-01  -0.152822E-03   0.847322E-02   0.991621E+00	1000
 2037500  0.401374E-01   0.325083E-02   0.136633E-01   0.991435E+00	1000
 2038000  0.458726E-01   0.581766E-02   0.167003E-01   0.991242E+00	1000
 2038500  0.474022E-01   0.797143E-02   0.172386E-01   0.991021E+00	1000
 2039000  0.459330E-01   0.950255E-02   0.151382E-01   0.990788E+00	1000
 2039500  0.432940E-01   0.995533E-02   0.114763E-01   0.990978E+00	1000
 2040000  0.404140E-01   0.895074E-02   0.749219E-02   0.991545E+00	1000
 2040500  0.374129E-01   0.640059E-02   0.386435E-02   0.992283E+00	1000
 2041000  0.339592E-01   0.281988E-02   0.681123E-03   0.992911E+00	1000
 2041500  0.296382E-01  -0.575736E-03  -0.206626E-02   0.993261E+00	1000
 2042000  0.250527E-01  -0.214353E-02  -0.372333E-02   0.993150E+00	1000
 2042500  0.217182E-01  -0.107931E-02  -0.296236E-02   0.992819E+00	1000
 2043000  0.200724E-01   0.108375E-02   0.352896E-03   0.992655E+00	1000
 2043500  0.198682E-01   0.261581E-02   0.420004E-02   0.992751E+00	1000
 2044000  0.216913E-01   0.367162E-02   0.671609E-02   0.992553E+00	1000
 2044500  0.248564E-01   0.449778E-02   0.754562E-02   0.992414E+00	1000
 2045000  0.274628E-01   0.453912E-02   0.689024E-02   0.992493E+00	1000
 2045500  0.287756E-01   0.324182E-02   0.505439E-02   0.992701E+00	1000
 2046000  0.289226E-01   0.580662E-03   0.255214E-02   0.993150E+00	1000
 2046500  0.281810E-01  -0.309622E-02  -0.168367E-03   0.993467E+00	1000
 2047000  0.269423E-01  -0.718835E-02  -0.266933E-02   0.993610E+00	1000
 2047500  0.273411E-01  -0.102387E-01  -0.375282E-02   0.993474E+00	1000
 2048000  0.314661E-01  -0.108983E-01  -0.239713E-02   0.992963E+00	1000
 2048500  0.356087E-01  -0.886018E-02   0.136418E-02   0.992199E+00	1000
 2049000  0.364704E-01  -0.436045E-02   0.835314E-02   0.991476E+00	1000
 2049500  0.406976E-01   0.360530E-03   0.153927E-01   0.990762E+00	1000
 2050000  0.489173E-01   0.388414E-02   0.200581E-01   0.990160E+00	1000
 2050500  0.529239E-01   0.657238E-02   0.222152E-01   0.989751E+00	1000
 2051000  0.525642E-01   0.874314E-02   0.210059E-01   0.989515E+00	1000
 2051500  0.500259E-01   0.100022E-01   0.167886E-01   0.989885E+00	1000
 2052000  0.465287E-01   0.973836E-02   0.110078E-01   0.990555E+00	1000
 2052500  0.424288E-01   0.780951E-02   0.528985E-02   0.991336E+00	1000
 2053000  0.376914E-01   0.489157E-02   0.620419E-03   0.991954E+00	1000
 2053500  0.325578E-01   0.222894E-02  -0.256825E-02   0.991969E+00	1000
 2054000  0.274955E-01   0.129985E-02  -0.370774E-02   0.991970E+00	1000
 2054500  0.235804E-01   0.210994E-02  -0.235481E-02   0.992059E+00	1000
 2055000  0.214275E-01   0.323773E-02   0.592365E-03   0.992084E+00	1000
 2055500  0.208466E-01   0.381282E-02   0.332464E-02   0.992202E+00	1000
 2056000  0.217809E-01   0.409357E-02   0.479444E-02   0.992333E+00	1000
 2056500  0.237109E-01   0.399113E-02   0.498881E-02   0.992337E+00	1000
 2057000  0.254722E-01   0.289886E-02   0.415381E-02   0.992618E+00	1000
 2057500  0.265170E-01   0.515051E-03   0.253297E-02   0.992974E+00	1000
 2058000  0.265630E-01  -0.318754E-02   0.360248E-03   0.993290E+00	1000
 2058500  0.256943E-01  -0.755516E-02  -0.205849E-02   0.993558E+00	1000
 2059000  0.263887E-01  -0.109256E-01  -0.343380E-02   0.993484E+00	1000
 2059500  0.310537E-01  -0.117618E-01  -0.151158E-02   0.993026E+00	1000
 2060000  0.356980E-01  -0.103751E-01   0.318238E-02   0.992224E+00	1000
 2060500  0.377256E-01  -0.689783E-02   0.951838E-02   0.991417E+00	1000
 2061000  0.423514E-01  -0.264592E-02   0.161002E-01   0.990799E+00	1000
 2061500  0.515824E-01   0.522607E-03   0.210261E-01   0.990294E+00	1000
 2062000  0.572781E-01   0.300552E-02   0.238842E-01   0.989858E+00	1000
 2062500  0.581049E-01   0.524265E-02   0.234834E-01   0.989562E+00	1000
 2063000  0.563849E-01   0.703308E-02   0.197928E-01   0.989503E+00	1000
 2063500  0.532698E-01   0.791014E-02   0.140462E-01   0.989578E+00	1000
 2064000  0.492098E-01   0.757524E-02   0.800735E-02   0.989963E+00	1000
 2064500  0.446075E-01   0.623204E-02   0.307665E-02   0.990428E+00	1000
 2065000  0.397863E-01   0.467720E-02  -0.111631E-03   0.990948E+00	1000
 2065500  0.352009E-01   0.380996E-02  -0.137862E-02   0.991400E+00	1000
 2066000  0.313695E-01   0.386067E-02  -0.863401E-03   0.991706E+00	1000
 2066500  0.285475E-01   0.439727E-02   0.808395E-03   0.992084E+00	1000
 2067000  0.268578E-01   0.482942E-02   0.262858E-02   0.992474E+00	1000
 2067500  0.260690E-01   0.494517E-02   0.386028E-02   0.993017E+00	1000
 2068000  0.258503E-01   0.459351E-02   0.437320E-02   0.993680E+00	1000
 2068500  0.259125E-01   0.353466E-02   0.433029E-02   0.994230E+00	1000
 2069000  0.260491E-01   0.168614E-02   0.387925E-02   0.994614E+00	1000
 2069500  0.261197E-01  -0.897117E-03   0.307672E-02   0.994778E+00	1000
 2070000  0.259464E-01  -0.409069E-02   0.191950E-02   0.994703E+00	1000
 2070500  0.257560E-01  -0.751098E-02   0.567878E-03   0.994424E+00	1000
 2071000  0.274160E-01  -0.102203E-01  -0.466096E-04   0.994193E+00	1000
 2071500  0.329464E-01  -0.115066E-01   0.123846E-02   0.993874E+00	1000
 2072000  0.398696E-01  -0.115611E-01   0.402714E-02   0.993312E+00	1000
 2072500  0.441492E-01  -0.101372E-01   0.793123E-02   0.992571E+00	1000
 2073000  0.466280E-01  -0.715149E-02   0.127744E-01   0.991935E+00	1000
 2073500  0.516867E-01  -0.376277E-02   0.173961E-01   0.991366E+00	1000
 2074000  0.581505E-01  -0.819964E-03   0.208864E-01   0.990827E+00	1000
 2074500  0.613704E-01   0.206977E-02   0.224702E-01   0.990426E+00	1000
 2075000  0.609904E-01   0.495568E-02   0.212578E-01   0.990243E+00	1000
 2075500  0.584710E-01   0.736748E-02   0.174673E-01   0.990056E+00	1000
 2076000  0.548059E-01   0.885531E-02   0.123314E-01   0.990069E+00	1000
 2076500  0.506945E-01   0.908860E-02   0.735492E-02   0.990320E+00	1000
 2077000  0.466623E-01   0.806243E-02   0.355230E-02   0.990784E+00	1000
 2077500  0.427891E-01   0.627352E-02   0.119792E-02   0.991510E+00	1000
 2078000  0.389813E-01   0.424173E-02   0.505049E-04   0.992306E+00	1000
 2078500  0.353069E-01   0.249522E-02  -0.227628E-03   0.992638E+00	1000
 2079000  0.316213E-01   0.160012E-02   0.264139E-03   0.993007E+00	1000
 2079500  0.284125E-01   0.164493E-02   0.160517E-02   0.993387E+00	1000
 2080000  0.261679E-01   0.206712E-02   0.363582E-02   0.993768E+00	1000
 2080500  0.253290E-01   0.226493E-02   0.567998E-02   0.994087E+00	1000
 2081000  0.261554E-01   0.214970E-02   0.705995E-02   0.994123E+00	1000
 2081500  0.282002E-01   0.164046E-02   0.753667E-02   0.994076E+00	1000
 2082000  0.304821E-01   0.368401E-03   0.696638E-02   0.993954E+00	1000
 2082500  0.321516E-01  -0.216633E-02   0.513114E-02   0.993806E+00	1000
 2083000  0.329259E-01  -0.614976E-02   0.208850E-02   0.993790E+00	1000
 2083500  0.351621E-01  -0.107007E-01  -0.108554E-02   0.993757E+00	1000
 2084000  0.445251E-01  -0.137816E-01  -0.145894E-02   0.993603E+00	1000
 2084500  0.577411E-01  -0.157186E-01   0.831070E-03   0.992994E+00	1000
 2085000  0.650665E-01  -0.166113E-01   0.423497E-02   0.992082E+00	1000
 2085500  0.637755E-01  -0.134642E-01   0.106441E-01   0.991131E+00	1000
 2086000  0.625142E-01  -0.726409E-02   0.186595E-01   0.990516E+00	1000
 2086500  0.674131E-01  -0.251837E-02   0.245761E-01   0.990126E+00	1000
 2087000  0.688183E-01   0.152039E-02   0.279354E-01   0.989843E+00	1000
 2087500  0.663764E-01   0.580705E-02   0.280371E-01   0.989782E+00	1000
 2088000  0.627968E-01   0.953896E-02   0.251976E-01   0.989847E+00	1000
 2088500  0.587690E-01   0.120473E-01   0.199815E-01   0.990131E+00	1000
 2089000  0.542631E-01   0.128874E-01   0.132939E-01   0.990741E+00	1000
 2089500  0.495188E-01   0.115203E-01   0.695554E-02   0.991642E+00	1000
 2090000  0.447296E-01   0.836972E-02   0.226959E-02   0.992565E+00	1000
 2090500  0.396195E-01   0.464450E-02  -0.767948E-03   0.993396E+00	1000
 2091000  0.342107E-01   0.179960E-02  -0.242436E-02   0.993814E+00	1000
 2091500  0.292739E-01   0.873272E-03  -0.232263E-02   0.993899E+00	1000
 2092000  0.254479E-01   0.150126E-02  -0.833294E-04   0.993940E+00	1000
 2092500  0.228018E-01   0.215772E-02   0.343952E-02   0.994196E+00	1000
 2093000  0.218852E-01   0.224183E-02   0.656978E-02   0.994531E+00	1000
 2093500  0.236166E-01   0.214641E-02   0.827224E-02   0.994782E+00	1000
 2094000  0.270578E-01   0.171153E-02   0.843586E-02   0.994740E+00	1000
 2094500  0.299683E-01   0.382424E-03   0.716568E-02   0.994432E+00	1000
 2095000  0.314589E-01  -0.205520E-02   0.474485E-02   0.994059E+00	1000
 2095500  0.319210E-01  -0.538787E-02   0.179986E-02   0.993845E+00	1000
 2096000  0.330664E-01  -0.890889E-02  -0.704694E-03   0.993818E+00	1000
 2096500  0.382995E-01  -0.118120E-01  -0.145624E-02   0.993926E+00	1000
 2097000  0.501211E-01  -0.141006E-01  -0.660473E-03   0.993667E+00	1000
 2097500  0.613976E-01  -0.156635E-01   0.110459E-02   0.992882E+00	1000
 2098000  0.632107E-01  -0.137856E-01   0.649589E-02   0.991827E+00	1000
 2098500  0.602027E-01  -0.781100E-02   0.148986E-01   0.990829E+00	1000
 2099000  0.641848E-01  -0.238425E-02   0.218065E-01   0.990227E+00	1000
 2099500  0.676020E-01   0.144675E-02   0.263816E-01   0.989876E+00	1000
 2100000  0.655317E-01   0.547112E-02   0.281254E-01   0.989660E+00	1000
