 4000500  0.257485E-01   0.369073E-02  -0.618730E-02   0.992089E+00	1500 
 4001000  0.250893E-01   0.367414E-02  -0.589741E-02   0.992371E+00	1500
 4001500  0.244249E-01   0.390463E-02  -0.533327E-02   0.992587E+00	1500
 4002000  0.235472E-01   0.437959E-02  -0.497669E-02   0.992830E+00	1500
 4002500  0.224759E-01   0.463244E-02  -0.478468E-02   0.993088E+00	1500
 4003000  0.216532E-01   0.414840E-02  -0.429613E-02   0.993329E+00	1500
 4003500  0.216653E-01   0.268102E-02  -0.381387E-02   0.993319E+00	1500
 4004000  0.222023E-01   0.287111E-03  -0.384583E-02   0.993219E+00	1500
 4004500  0.230713E-01  -0.224658E-02  -0.452745E-02   0.993100E+00	1500
 4005000  0.248872E-01  -0.433222E-02  -0.562332E-02   0.993003E+00	1500
 4005500  0.280226E-01  -0.559828E-02  -0.664452E-02   0.993021E+00	1500
 4006000  0.317533E-01  -0.651191E-02  -0.678905E-02   0.992762E+00	1500
 4006500  0.348445E-01  -0.712116E-02  -0.615052E-02   0.992516E+00	1500
 4007000  0.370047E-01  -0.645911E-02  -0.617284E-02   0.992097E+00	1500
 4007500  0.384960E-01  -0.472673E-02  -0.805051E-02   0.991831E+00	1500
 4008000  0.420932E-01  -0.325176E-02  -0.112660E-01   0.991648E+00	1500
 4008500  0.479244E-01  -0.165281E-02  -0.145486E-01   0.991353E+00	1500
 4009000  0.500371E-01   0.132882E-02  -0.165259E-01   0.991017E+00	1500
 4009500  0.471851E-01   0.520148E-02  -0.159519E-01   0.990708E+00	1500
 4010000  0.420297E-01   0.866470E-02  -0.129257E-01   0.990671E+00	1500
 4010500  0.374428E-01   0.102350E-01  -0.899558E-02   0.990916E+00	1500
 4011000  0.346874E-01   0.919354E-02  -0.613934E-02   0.991302E+00	1500
 4011500  0.327031E-01   0.649760E-02  -0.499934E-02   0.991746E+00	1500
 4012000  0.305652E-01   0.376063E-02  -0.490045E-02   0.991915E+00	1500
 4012500  0.285551E-01   0.234449E-02  -0.522057E-02   0.991968E+00	1500
 4013000  0.272525E-01   0.209592E-02  -0.576947E-02   0.992073E+00	1500
 4013500  0.264992E-01   0.215076E-02  -0.645109E-02   0.992179E+00	1500
 4014000  0.259769E-01   0.222550E-02  -0.673355E-02   0.992330E+00	1500
 4014500  0.255431E-01   0.263376E-02  -0.646624E-02   0.992401E+00	1500
 4015000  0.248566E-01   0.349825E-02  -0.602601E-02   0.992372E+00	1500
 4015500  0.238226E-01   0.432674E-02  -0.554906E-02   0.992486E+00	1500
 4016000  0.231056E-01   0.421687E-02  -0.484056E-02   0.992722E+00	1500
 4016500  0.231782E-01   0.261386E-02  -0.407868E-02   0.993017E+00	1500
 4017000  0.239140E-01  -0.325289E-03  -0.405858E-02   0.993345E+00	1500
 4017500  0.251565E-01  -0.380513E-02  -0.504226E-02   0.993384E+00	1500
 4018000  0.281247E-01  -0.640960E-02  -0.640690E-02   0.993243E+00	1500
 4018500  0.325829E-01  -0.757032E-02  -0.696261E-02   0.992919E+00	1500
 4019000  0.355979E-01  -0.769151E-02  -0.614820E-02   0.992350E+00	1500
 4019500  0.377765E-01  -0.680382E-02  -0.585701E-02   0.991887E+00	1500
 4020000  0.398040E-01  -0.538047E-02  -0.776635E-02   0.991694E+00	1500
 4020500  0.445477E-01  -0.388821E-02  -0.115223E-01   0.991601E+00	1500
 4021000  0.515982E-01  -0.198734E-02  -0.156043E-01   0.991271E+00	1500
 4021500  0.535210E-01   0.151298E-02  -0.181300E-01   0.990908E+00	1500
 4022000  0.495251E-01   0.576490E-02  -0.174209E-01   0.990563E+00	1500
 4022500  0.433486E-01   0.938210E-02  -0.138307E-01   0.990392E+00	1500
 4023000  0.382221E-01   0.108962E-01  -0.970490E-02   0.990572E+00	1500
 4023500  0.349364E-01   0.101177E-01  -0.696466E-02   0.990857E+00	1500
 4024000  0.324622E-01   0.816802E-02  -0.559626E-02   0.991248E+00	1500
 4024500  0.302713E-01   0.608860E-02  -0.510046E-02   0.991549E+00	1500
 4025000  0.281888E-01   0.437511E-02  -0.530276E-02   0.991831E+00	1500
 4025500  0.264832E-01   0.336350E-02  -0.573892E-02   0.992007E+00	1500
 4026000  0.254082E-01   0.297857E-02  -0.595287E-02   0.992105E+00	1500
 4026500  0.247964E-01   0.285535E-02  -0.589193E-02   0.992215E+00	1500
 4027000  0.243596E-01   0.280431E-02  -0.558409E-02   0.992323E+00	1500
 4027500  0.238335E-01   0.283665E-02  -0.515726E-02   0.992424E+00	1500
 4028000  0.235768E-01   0.275174E-02  -0.469325E-02   0.992236E+00	1500
 4028500  0.237305E-01   0.217591E-02  -0.431016E-02   0.992210E+00	1500
 4029000  0.243553E-01   0.691326E-03  -0.431866E-02   0.992508E+00	1500
 4029500  0.254392E-01  -0.159172E-02  -0.496820E-02   0.992828E+00	1500
 4030000  0.272654E-01  -0.390738E-02  -0.612668E-02   0.992841E+00	1500
 4030500  0.302237E-01  -0.541749E-02  -0.716188E-02   0.992704E+00	1500
 4031000  0.334711E-01  -0.626976E-02  -0.697252E-02   0.992531E+00	1500
 4031500  0.359831E-01  -0.675622E-02  -0.566644E-02   0.992300E+00	1500
 4032000  0.375464E-01  -0.643936E-02  -0.514770E-02   0.992178E+00	1500
 4032500  0.389328E-01  -0.495511E-02  -0.712772E-02   0.991906E+00	1500
 4033000  0.429644E-01  -0.343217E-02  -0.112511E-01   0.991554E+00	1500
 4033500  0.511153E-01  -0.201506E-02  -0.160264E-01   0.991166E+00	1500
 4034000  0.551913E-01   0.102550E-02  -0.198862E-01   0.990635E+00	1500
 4034500  0.524098E-01   0.508266E-02  -0.202016E-01   0.990143E+00	1500
 4035000  0.456093E-01   0.919926E-02  -0.162850E-01   0.989881E+00	1500
 4035500  0.390784E-01   0.114596E-01  -0.106020E-01   0.990000E+00	1500
 4036000  0.349596E-01   0.107614E-01  -0.645466E-02   0.990524E+00	1500
 4036500  0.321618E-01   0.846523E-02  -0.461130E-02   0.991092E+00	1500
 4037000  0.297195E-01   0.620396E-02  -0.428086E-02   0.991475E+00	1500
 4037500  0.276545E-01   0.450568E-02  -0.471867E-02   0.991838E+00	1500
 4038000  0.261392E-01   0.324533E-02  -0.525260E-02   0.992095E+00	1500
 4038500  0.251042E-01   0.271615E-02  -0.559241E-02   0.992267E+00	1500
 4039000  0.243386E-01   0.288453E-02  -0.551683E-02   0.992291E+00	1500
 4039500  0.238231E-01   0.349481E-02  -0.509215E-02   0.992252E+00	1500
 4040000  0.235040E-01   0.377469E-02  -0.457737E-02   0.992318E+00	1500
 4040500  0.236134E-01   0.335235E-02  -0.396926E-02   0.992371E+00	1500
 4041000  0.241246E-01   0.193255E-02  -0.365228E-02   0.992571E+00	1500
 4041500  0.248528E-01  -0.309066E-03  -0.398375E-02   0.992860E+00	1500
 4042000  0.260053E-01  -0.280751E-02  -0.488334E-02   0.993021E+00	1500
 4042500  0.281337E-01  -0.510681E-02  -0.611996E-02   0.993022E+00	1500
 4043000  0.312716E-01  -0.675882E-02  -0.677371E-02   0.992944E+00	1500
 4043500  0.343966E-01  -0.761415E-02  -0.576811E-02   0.992610E+00	1500
 4044000  0.359763E-01  -0.718311E-02  -0.506715E-02   0.992350E+00	1500
 4044500  0.362537E-01  -0.563155E-02  -0.684633E-02   0.992055E+00	1500
 4045000  0.390795E-01  -0.410140E-02  -0.106021E-01   0.991617E+00	1500
 4045500  0.468291E-01  -0.288182E-02  -0.145037E-01   0.990975E+00	1500
 4046000  0.521079E-01  -0.608897E-04  -0.177637E-01   0.990397E+00	1500
 4046500  0.500903E-01   0.456250E-02  -0.188505E-01   0.989970E+00	1500
 4047000  0.438327E-01   0.886758E-02  -0.164985E-01   0.989835E+00	1500
 4047500  0.379494E-01   0.112055E-01  -0.115204E-01   0.989958E+00	1500
 4048000  0.344716E-01   0.107257E-01  -0.721244E-02   0.990360E+00	1500
 4048500  0.321187E-01   0.845216E-02  -0.509384E-02   0.991011E+00	1500
 4049000  0.300482E-01   0.602641E-02  -0.435444E-02   0.991222E+00	1500
 4049500  0.280843E-01   0.422702E-02  -0.445565E-02   0.991355E+00	1500
 4050000  0.265088E-01   0.318930E-02  -0.500659E-02   0.991583E+00	1500
 4050500  0.254602E-01   0.273471E-02  -0.545638E-02   0.991840E+00	1500
 4051000  0.247321E-01   0.284036E-02  -0.545454E-02   0.992005E+00	1500
 4051500  0.241054E-01   0.347453E-02  -0.499521E-02   0.992133E+00	1500
 4052000  0.236410E-01   0.413007E-02  -0.441699E-02   0.992134E+00	1500
 4052500  0.234583E-01   0.410407E-02  -0.382579E-02   0.992358E+00	1500
 4053000  0.238433E-01   0.281051E-02  -0.337642E-02   0.992504E+00	1500
 4053500  0.244494E-01   0.312863E-03  -0.343112E-02   0.992694E+00	1500
 4054000  0.249578E-01  -0.261761E-02  -0.418528E-02   0.992921E+00	1500
 4054500  0.262697E-01  -0.522747E-02  -0.538703E-02   0.992812E+00	1500
 4055000  0.292525E-01  -0.694509E-02  -0.624451E-02   0.992655E+00	1500
 4055500  0.326578E-01  -0.774221E-02  -0.601775E-02   0.992238E+00	1500
 4056000  0.348185E-01  -0.734960E-02  -0.567670E-02   0.991805E+00	1500
 4056500  0.362028E-01  -0.603900E-02  -0.739248E-02   0.991584E+00	1500
 4057000  0.399965E-01  -0.477772E-02  -0.109972E-01   0.991292E+00	1500
 4057500  0.475697E-01  -0.339116E-02  -0.146838E-01   0.991041E+00	1500
 4058000  0.513052E-01  -0.536542E-03  -0.174583E-01   0.990648E+00	1500
 4058500  0.497906E-01   0.371525E-02  -0.169858E-01   0.990244E+00	1500
 4059000  0.447919E-01   0.789448E-02  -0.139694E-01   0.990288E+00	1500
 4059500  0.397922E-01   0.100320E-01  -0.100578E-01   0.990354E+00	1500
 4060000  0.364922E-01   0.944858E-02  -0.702221E-02   0.990600E+00	1500
 4060500  0.341112E-01   0.737137E-02  -0.569239E-02   0.990925E+00	1500
 4061000  0.320470E-01   0.522683E-02  -0.528135E-02   0.991268E+00	1500
 4061500  0.302040E-01   0.365162E-02  -0.518248E-02   0.991604E+00	1500
 4062000  0.287135E-01   0.290505E-02  -0.532178E-02   0.991817E+00	1500
 4062500  0.276379E-01   0.255556E-02  -0.537666E-02   0.991945E+00	1500
 4063000  0.267624E-01   0.218330E-02  -0.553154E-02   0.992108E+00	1500
 4063500  0.260882E-01   0.201954E-02  -0.562084E-02   0.992106E+00	1500
 4064000  0.253495E-01   0.271615E-02  -0.551278E-02   0.992229E+00	1500
 4064500  0.241995E-01   0.368791E-02  -0.533948E-02   0.992402E+00	1500
 4065000  0.231810E-01   0.404351E-02  -0.455946E-02   0.992423E+00	1500
 4065500  0.229717E-01   0.318801E-02  -0.366071E-02   0.992665E+00	1500
 4066000  0.235654E-01   0.960531E-03  -0.352128E-02   0.992769E+00	1500
 4066500  0.242754E-01  -0.190519E-02  -0.428526E-02   0.993032E+00	1500
 4067000  0.258367E-01  -0.465379E-02  -0.579520E-02   0.993188E+00	1500
 4067500  0.297365E-01  -0.663237E-02  -0.693816E-02   0.992831E+00	1500
 4068000  0.344597E-01  -0.787882E-02  -0.629379E-02   0.992392E+00	1500
 4068500  0.372970E-01  -0.823522E-02  -0.516175E-02   0.991985E+00	1500
 4069000  0.384604E-01  -0.662552E-02  -0.602818E-02   0.991671E+00	1500
 4069500  0.406798E-01  -0.464008E-02  -0.954568E-02   0.991582E+00	1500
 4070000  0.476614E-01  -0.362792E-02  -0.136570E-01   0.991382E+00	1500
 4070500  0.537799E-01  -0.130014E-02  -0.174979E-01   0.991013E+00	1500
 4071000  0.528549E-01   0.276168E-02  -0.192196E-01   0.990844E+00	1500
 4071500  0.476075E-01   0.705709E-02  -0.172280E-01   0.990926E+00	1500
 4072000  0.411899E-01   0.102734E-01  -0.127094E-01   0.991070E+00	1500
 4072500  0.364285E-01   0.109769E-01  -0.822003E-02   0.991354E+00	1500
 4073000  0.333963E-01   0.922659E-02  -0.563789E-02   0.991689E+00	1500
 4073500  0.308571E-01   0.683592E-02  -0.497592E-02   0.991800E+00	1500
 4074000  0.283696E-01   0.503469E-02  -0.510221E-02   0.991929E+00	1500
 4074500  0.263967E-01   0.405734E-02  -0.542783E-02   0.992248E+00	1500
 4075000  0.250042E-01   0.350191E-02  -0.576315E-02   0.992532E+00	1500
 4075500  0.239398E-01   0.315646E-02  -0.570019E-02   0.992750E+00	1500
 4076000  0.230160E-01   0.292438E-02  -0.532346E-02   0.992919E+00	1500
 4076500  0.222989E-01   0.290027E-02  -0.477999E-02   0.993008E+00	1500
 4077000  0.217898E-01   0.295409E-02  -0.428625E-02   0.993160E+00	1500
 4077500  0.215194E-01   0.254520E-02  -0.397035E-02   0.993336E+00	1500
 4078000  0.216202E-01   0.142090E-02  -0.381145E-02   0.993512E+00	1500
 4078500  0.220491E-01  -0.297798E-03  -0.411770E-02   0.993524E+00	1500
 4079000  0.229356E-01  -0.215503E-02  -0.491767E-02   0.993320E+00	1500
 4079500  0.249738E-01  -0.365201E-02  -0.585132E-02   0.993081E+00	1500
 4080000  0.283765E-01  -0.472691E-02  -0.654158E-02   0.993062E+00	1500
 4080500  0.323675E-01  -0.564876E-02  -0.637519E-02   0.992826E+00	1500
 4081000  0.362649E-01  -0.647193E-02  -0.575749E-02   0.992593E+00	1500
 4081500  0.389870E-01  -0.635319E-02  -0.609440E-02   0.992366E+00	1500
 4082000  0.400427E-01  -0.492770E-02  -0.788302E-02   0.992162E+00	1500
 4082500  0.420405E-01  -0.314413E-02  -0.107354E-01   0.991849E+00	1500
 4083000  0.465128E-01  -0.188816E-02  -0.133172E-01   0.991464E+00	1500
 4083500  0.492907E-01   0.246038E-03  -0.148143E-01   0.990957E+00	1500
 4084000  0.470468E-01   0.409944E-02  -0.147599E-01   0.990607E+00	1500
 4084500  0.414582E-01   0.798152E-02  -0.130601E-01   0.990521E+00	1500
 4085000  0.361008E-01   0.103121E-01  -0.102055E-01   0.990544E+00	1500
 4085500  0.324604E-01   0.105318E-01  -0.727725E-02   0.990854E+00	1500
 4086000  0.300913E-01   0.889139E-02  -0.550609E-02   0.991454E+00	1500
 4086500  0.281843E-01   0.640153E-02  -0.492327E-02   0.991635E+00	1500
 4087000  0.260317E-01   0.425911E-02  -0.484862E-02   0.992014E+00	1500
 4087500  0.242401E-01   0.290143E-02  -0.488929E-02   0.992101E+00	1500
 4088000  0.228326E-01   0.226200E-02  -0.508769E-02   0.992240E+00	1500
 4088500  0.219420E-01   0.197021E-02  -0.529055E-02   0.992348E+00	1500
 4089000  0.214251E-01   0.192964E-02  -0.523295E-02   0.992299E+00	1500
 4089500  0.211768E-01   0.203690E-02  -0.497716E-02   0.992250E+00	1500
 4090000  0.212567E-01   0.229075E-02  -0.460887E-02   0.992075E+00	1500
 4090500  0.216209E-01   0.222012E-02  -0.437727E-02   0.992163E+00	1500
 4091000  0.221116E-01   0.126038E-02  -0.430810E-02   0.992340E+00	1500
 4091500  0.227476E-01  -0.456638E-03  -0.446587E-02   0.992544E+00	1500
 4092000  0.236609E-01  -0.268170E-02  -0.495458E-02   0.992795E+00	1500
 4092500  0.256979E-01  -0.476777E-02  -0.561234E-02   0.992968E+00	1500
 4093000  0.293392E-01  -0.641452E-02  -0.619685E-02   0.992911E+00	1500
 4093500  0.327124E-01  -0.702531E-02  -0.636359E-02   0.992673E+00	1500
 4094000  0.351667E-01  -0.609430E-02  -0.688035E-02   0.992340E+00	1500
 4094500  0.376702E-01  -0.467740E-02  -0.897828E-02   0.991948E+00	1500
 4095000  0.432253E-01  -0.384610E-02  -0.120562E-01   0.991549E+00	1500
 4095500  0.497266E-01  -0.237458E-02  -0.153968E-01   0.990780E+00	1500
 4096000  0.509407E-01   0.120640E-02  -0.172502E-01   0.990068E+00	1500
 4096500  0.465477E-01   0.576462E-02  -0.161959E-01   0.989631E+00	1500
 4097000  0.401167E-01   0.952365E-02  -0.120921E-01   0.989600E+00	1500
 4097500  0.351328E-01   0.107374E-01  -0.790282E-02   0.990051E+00	1500
 4098000  0.318011E-01   0.964692E-02  -0.554237E-02   0.990692E+00	1500
 4098500  0.290452E-01   0.763881E-02  -0.456592E-02   0.991258E+00	1500
 4099000  0.265454E-01   0.572272E-02  -0.456651E-02   0.991647E+00	1500
 4099500  0.243041E-01   0.439628E-02  -0.478904E-02   0.991958E+00	1500
 4100000  0.226064E-01   0.370197E-02  -0.503083E-02   0.992159E+00	1500
 4100500  0.213129E-01   0.357394E-02  -0.509247E-02   0.992369E+00	1500
 4101000  0.205113E-01   0.384581E-02  -0.488181E-02   0.992455E+00	1500
 4101500  0.200058E-01   0.418214E-02  -0.456218E-02   0.992435E+00	1500
 4102000  0.198217E-01   0.426129E-02  -0.416496E-02   0.992543E+00	1500
 4102500  0.202845E-01   0.346389E-02  -0.385950E-02   0.992529E+00	1500
 4103000  0.209601E-01   0.155937E-02  -0.379446E-02   0.992729E+00	1500
 4103500  0.217882E-01  -0.122675E-02  -0.413846E-02   0.993069E+00	1500
 4104000  0.228449E-01  -0.435178E-02  -0.494558E-02   0.993058E+00	1500
 4104500  0.250750E-01  -0.671812E-02  -0.596705E-02   0.993034E+00	1500
 4105000  0.293714E-01  -0.762901E-02  -0.616731E-02   0.992754E+00	1500
 4105500  0.324562E-01  -0.733726E-02  -0.599564E-02   0.992517E+00	1500
 4106000  0.336416E-01  -0.622471E-02  -0.754546E-02   0.992396E+00	1500
 4106500  0.370821E-01  -0.530354E-02  -0.108338E-01   0.992068E+00	1500
 4107000  0.456343E-01  -0.438565E-02  -0.145330E-01   0.991576E+00	1500
 4107500  0.506502E-01  -0.102494E-02  -0.181173E-01   0.991118E+00	1500
 4108000  0.485675E-01   0.405396E-02  -0.189342E-01   0.990482E+00	1500
 4108500  0.426606E-01   0.867050E-02  -0.157025E-01   0.990092E+00	1500
 4109000  0.371871E-01   0.109507E-01  -0.103197E-01   0.990269E+00	1500
 4109500  0.339547E-01   0.995309E-02  -0.627932E-02   0.990783E+00	1500
 4110000  0.316633E-01   0.721698E-02  -0.469401E-02   0.991375E+00	1500
 4110500  0.295276E-01   0.437911E-02  -0.444601E-02   0.991783E+00	1500
 4111000  0.278957E-01   0.247083E-02  -0.470192E-02   0.991843E+00	1500
 4111500  0.267395E-01   0.172046E-02  -0.558861E-02   0.991895E+00	1500
 4112000  0.261637E-01   0.171483E-02  -0.664321E-02   0.991862E+00	1500
 4112500  0.260237E-01   0.190688E-02  -0.705710E-02   0.991898E+00	1500
 4113000  0.257018E-01   0.284570E-02  -0.647280E-02   0.992024E+00	1500
 4113500  0.244081E-01   0.466305E-02  -0.585127E-02   0.992125E+00	1500
 4114000  0.224693E-01   0.611048E-02  -0.555289E-02   0.992511E+00	1500
 4114500  0.210329E-01   0.630832E-02  -0.490796E-02   0.992864E+00	1500
 4115000  0.207612E-01   0.485368E-02  -0.413279E-02   0.993257E+00	1500
 4115500  0.212293E-01   0.171675E-02  -0.392944E-02   0.993617E+00	1500
 4116000  0.217735E-01  -0.233056E-02  -0.449239E-02   0.993810E+00	1500
 4116500  0.229978E-01  -0.629900E-02  -0.555473E-02   0.993685E+00	1500
 4117000  0.275089E-01  -0.846593E-02  -0.609768E-02   0.993234E+00	1500
 4117500  0.329968E-01  -0.873290E-02  -0.498935E-02   0.992666E+00	1500
 4118000  0.351737E-01  -0.756624E-02  -0.520848E-02   0.992296E+00	1500
 4118500  0.364932E-01  -0.611745E-02  -0.882624E-02   0.991941E+00	1500
 4119000  0.447551E-01  -0.565847E-02  -0.135662E-01   0.991585E+00	1500
 4119500  0.539993E-01  -0.366884E-02  -0.188619E-01   0.991240E+00	1500
 4120000  0.546431E-01   0.104152E-02  -0.216840E-01   0.991029E+00	1500
 4120500  0.492078E-01   0.646894E-02  -0.198823E-01   0.990963E+00	1500
 4121000  0.417462E-01   0.106152E-01  -0.144270E-01   0.991174E+00	1500
 4121500  0.362141E-01   0.119374E-01  -0.861726E-02   0.991451E+00	1500
 4122000  0.331002E-01   0.103958E-01  -0.562635E-02   0.991613E+00	1500
 4122500  0.306408E-01   0.795903E-02  -0.499392E-02   0.991759E+00	1500
 4123000  0.284183E-01   0.575118E-02  -0.525901E-02   0.991940E+00	1500
 4123500  0.265611E-01   0.416767E-02  -0.573345E-02   0.992150E+00	1500
 4124000  0.252330E-01   0.338732E-02  -0.613115E-02   0.992275E+00	1500
 4124500  0.242686E-01   0.318450E-02  -0.604612E-02   0.992349E+00	1500
 4125000  0.234953E-01   0.329308E-02  -0.551636E-02   0.992456E+00	1500
 4125500  0.227924E-01   0.342282E-02  -0.488389E-02   0.992580E+00	1500
 4126000  0.219424E-01   0.347666E-02  -0.455990E-02   0.992858E+00	1500
 4126500  0.209808E-01   0.327359E-02  -0.451826E-02   0.993128E+00	1500
 4127000  0.201117E-01   0.283070E-02  -0.455631E-02   0.993323E+00	1500
 4127500  0.196889E-01   0.209269E-02  -0.455325E-02   0.993316E+00	1500
 4128000  0.199510E-01   0.883424E-03  -0.450473E-02   0.993184E+00	1500
 4128500  0.208250E-01  -0.831576E-03  -0.466427E-02   0.993081E+00	1500
 4129000  0.224450E-01  -0.286178E-02  -0.521868E-02   0.993196E+00	1500
 4129500  0.253881E-01  -0.473031E-02  -0.603214E-02   0.993072E+00	1500
 4130000  0.297881E-01  -0.610744E-02  -0.664815E-02   0.992815E+00	1500
 4130500  0.339485E-01  -0.692369E-02  -0.645313E-02   0.992445E+00	1500
 4131000  0.366689E-01  -0.663488E-02  -0.613840E-02   0.991980E+00	1500
 4131500  0.386018E-01  -0.526649E-02  -0.741603E-02   0.991861E+00	1500
 4132000  0.420405E-01  -0.422221E-02  -0.103971E-01   0.991685E+00	1500
 4132500  0.482084E-01  -0.304554E-02  -0.138701E-01   0.991230E+00	1500
 4133000  0.512782E-01  -0.141740E-03  -0.168322E-01   0.990854E+00	1500
 4133500  0.490825E-01   0.382483E-02  -0.173963E-01   0.990593E+00	1500
 4134000  0.435533E-01   0.780848E-02  -0.150659E-01   0.990496E+00	1500
 4134500  0.373852E-01   0.105131E-01  -0.110232E-01   0.990723E+00	1500
 4135000  0.331582E-01   0.108089E-01  -0.747588E-02   0.991094E+00	1500
 4135500  0.304749E-01   0.907315E-02  -0.573055E-02   0.991363E+00	1500
 4136000  0.280001E-01   0.680714E-02  -0.525636E-02   0.991663E+00	1500
 4136500  0.256567E-01   0.504919E-02  -0.517147E-02   0.991884E+00	1500
 4137000  0.238224E-01   0.402221E-02  -0.525935E-02   0.992220E+00	1500
 4137500  0.226431E-01   0.321942E-02  -0.541425E-02   0.992570E+00	1500
 4138000  0.218986E-01   0.245901E-02  -0.547015E-02   0.992790E+00	1500
 4138500  0.215113E-01   0.194858E-02  -0.541411E-02   0.992830E+00	1500
 4139000  0.214262E-01   0.187291E-02  -0.523726E-02   0.992661E+00	1500
 4139500  0.214631E-01   0.211388E-02  -0.518749E-02   0.992625E+00	1500
 4140000  0.215336E-01   0.216509E-02  -0.515360E-02   0.992642E+00	1500
 4140500  0.219424E-01   0.149341E-02  -0.495359E-02   0.992543E+00	1500
 4141000  0.227698E-01  -0.270301E-04  -0.492380E-02   0.992581E+00	1500
 4141500  0.241689E-01  -0.204013E-02  -0.533963E-02   0.992728E+00	1500
 4142000  0.266283E-01  -0.390904E-02  -0.608365E-02   0.992595E+00	1500
 4142500  0.301042E-01  -0.502084E-02  -0.683873E-02   0.992435E+00	1500
 4143000  0.335865E-01  -0.557153E-02  -0.684103E-02   0.992289E+00	1500
 4143500  0.363052E-01  -0.590182E-02  -0.666178E-02   0.992175E+00	1500
 4144000  0.382671E-01  -0.548309E-02  -0.796828E-02   0.991998E+00	1500
 4144500  0.416542E-01  -0.404171E-02  -0.106378E-01   0.991503E+00	1500
 4145000  0.467996E-01  -0.246021E-02  -0.134589E-01   0.991044E+00	1500
 4145500  0.493631E-01   0.198599E-03  -0.152389E-01   0.990525E+00	1500
 4146000  0.471412E-01   0.412566E-02  -0.146250E-01   0.990088E+00	1500
 4146500  0.422046E-01   0.749923E-02  -0.124166E-01   0.990090E+00	1500
 4147000  0.374695E-01   0.910372E-02  -0.977816E-02   0.990330E+00	1500
 4147500  0.339352E-01   0.898319E-02  -0.759606E-02   0.990871E+00	1500
 4148000  0.314467E-01   0.749745E-02  -0.625495E-02   0.991442E+00	1500
 4148500  0.294639E-01   0.539331E-02  -0.567124E-02   0.991874E+00	1500
 4149000  0.276615E-01   0.357740E-02  -0.569106E-02   0.992072E+00	1500
 4149500  0.262665E-01   0.260522E-02  -0.601964E-02   0.992254E+00	1500
 4150000  0.254304E-01   0.205257E-02  -0.635716E-02   0.992457E+00	1500
 4150500  0.248517E-01   0.184004E-02  -0.681165E-02   0.992553E+00	1500
 4151000  0.244314E-01   0.225303E-02  -0.691374E-02   0.992474E+00	1500
 4151500  0.241869E-01   0.321154E-02  -0.652632E-02   0.992295E+00	1500
 4152000  0.239355E-01   0.391399E-02  -0.595777E-02   0.992238E+00	1500
 4152500  0.239328E-01   0.361471E-02  -0.533509E-02   0.992304E+00	1500
 4153000  0.243113E-01   0.201519E-02  -0.508554E-02   0.992514E+00	1500
 4153500  0.249892E-01  -0.507674E-03  -0.542989E-02   0.992737E+00	1500
 4154000  0.262471E-01  -0.311025E-02  -0.609843E-02   0.992968E+00	1500
 4154500  0.289625E-01  -0.511011E-02  -0.668780E-02   0.992953E+00	1500
 4155000  0.321885E-01  -0.617690E-02  -0.659367E-02   0.992682E+00	1500
 4155500  0.342907E-01  -0.618734E-02  -0.662449E-02   0.992469E+00	1500
 4156000  0.361960E-01  -0.531942E-02  -0.836841E-02   0.992243E+00	1500
 4156500  0.410793E-01  -0.435083E-02  -0.114015E-01   0.992077E+00	1500
 4157000  0.472614E-01  -0.257421E-02  -0.143614E-01   0.991731E+00	1500
 4157500  0.492902E-01   0.547098E-03  -0.158174E-01   0.991335E+00	1500
 4158000  0.467726E-01   0.445463E-02  -0.147303E-01   0.991168E+00	1500
 4158500  0.422575E-01   0.765367E-02  -0.120043E-01   0.991083E+00	1500
 4159000  0.384741E-01   0.863357E-02  -0.925350E-02   0.991262E+00	1500
 4159500  0.359616E-01   0.747600E-02  -0.749858E-02   0.991635E+00	1500
 4160000  0.340895E-01   0.538126E-02  -0.685236E-02   0.991832E+00	1500
 4160500  0.323821E-01   0.363844E-02  -0.682046E-02   0.992095E+00	1500
 4161000  0.309553E-01   0.280196E-02  -0.705323E-02   0.992212E+00	1500
 4161500  0.299361E-01   0.269376E-02  -0.728030E-02   0.992141E+00	1500
 4162000  0.291853E-01   0.267775E-02  -0.728403E-02   0.992259E+00	1500
 4162500  0.285974E-01   0.269792E-02  -0.695347E-02   0.992371E+00	1500
 4163000  0.277729E-01   0.338879E-02  -0.658064E-02   0.992447E+00	1500
 4163500  0.262416E-01   0.467243E-02  -0.660548E-02   0.992550E+00	1500
 4164000  0.245305E-01   0.560739E-02  -0.649465E-02   0.992633E+00	1500
 4164500  0.236944E-01   0.560399E-02  -0.577642E-02   0.992722E+00	1500
 4165000  0.240054E-01   0.406724E-02  -0.512124E-02   0.993000E+00	1500
 4165500  0.248603E-01   0.114099E-02  -0.521936E-02   0.993208E+00	1500
 4166000  0.258876E-01  -0.226605E-02  -0.601587E-02   0.993244E+00	1500
 4166500  0.279831E-01  -0.500642E-02  -0.702655E-02   0.993177E+00	1500
 4167000  0.314416E-01  -0.651119E-02  -0.723384E-02   0.992921E+00	1500
 4167500  0.339671E-01  -0.717344E-02  -0.622335E-02   0.992476E+00	1500
 4168000  0.349878E-01  -0.667194E-02  -0.598425E-02   0.992276E+00	1500
 4168500  0.366869E-01  -0.543740E-02  -0.787278E-02   0.992098E+00	1500
 4169000  0.414104E-01  -0.462001E-02  -0.108507E-01   0.991757E+00	1500
 4169500  0.476403E-01  -0.292835E-02  -0.141857E-01   0.991412E+00	1500
 4170000  0.497541E-01   0.490008E-03  -0.170372E-01   0.990895E+00	1500
 4170500  0.473948E-01   0.447799E-02  -0.169927E-01   0.990523E+00	1500
 4171000  0.426994E-01   0.774315E-02  -0.139366E-01   0.990557E+00	1500
 4171500  0.386676E-01   0.911794E-02  -0.101398E-01   0.990778E+00	1500
 4172000  0.362225E-01   0.808673E-02  -0.763211E-02   0.991129E+00	1500
 4172500  0.344062E-01   0.600674E-02  -0.669764E-02   0.991353E+00	1500
 4173000  0.327036E-01   0.428690E-02  -0.662520E-02   0.991667E+00	1500
 4173500  0.315046E-01   0.332998E-02  -0.672802E-02   0.991707E+00	1500
 4174000  0.306577E-01   0.287469E-02  -0.691046E-02   0.991541E+00	1500
 4174500  0.299353E-01   0.277682E-02  -0.696492E-02   0.991662E+00	1500
 4175000  0.293662E-01   0.270798E-02  -0.677692E-02   0.991951E+00	1500
 4175500  0.286268E-01   0.294623E-02  -0.651666E-02   0.992071E+00	1500
 4176000  0.275741E-01   0.376446E-02  -0.639239E-02   0.992121E+00	1500
 4176500  0.264176E-01   0.445060E-02  -0.620748E-02   0.992083E+00	1500
 4177000  0.258074E-01   0.426915E-02  -0.572689E-02   0.992036E+00	1500
 4177500  0.258821E-01   0.297235E-02  -0.524909E-02   0.992209E+00	1500
 4178000  0.262945E-01   0.604060E-03  -0.519410E-02   0.992654E+00	1500
 4178500  0.270334E-01  -0.210228E-02  -0.553630E-02   0.992764E+00	1500
 4179000  0.285609E-01  -0.418381E-02  -0.616145E-02   0.992749E+00	1500
 4179500  0.312067E-01  -0.547287E-02  -0.642056E-02   0.992479E+00	1500
 4180000  0.334698E-01  -0.613069E-02  -0.609455E-02   0.992165E+00	1500
 4180500  0.349465E-01  -0.588374E-02  -0.664032E-02   0.991928E+00	1500
 4181000  0.375050E-01  -0.479964E-02  -0.875931E-02   0.991779E+00	1500
 4181500  0.427748E-01  -0.382339E-02  -0.115762E-01   0.991610E+00	1500
 4182000  0.477144E-01  -0.219742E-02  -0.140152E-01   0.991509E+00	1500
 4182500  0.489250E-01   0.477315E-03  -0.153795E-01   0.991163E+00	1500
 4183000  0.469380E-01   0.379688E-02  -0.145750E-01   0.990770E+00	1500
 4183500  0.431709E-01   0.661301E-02  -0.120700E-01   0.990776E+00	1500
 4184000  0.395189E-01   0.758828E-02  -0.951599E-02   0.990989E+00	1500
 4184500  0.369137E-01   0.670201E-02  -0.773727E-02   0.991122E+00	1500
 4185000  0.346563E-01   0.515655E-02  -0.693863E-02   0.991271E+00	1500
 4185500  0.326472E-01   0.414112E-02  -0.670351E-02   0.991513E+00	1500
 4186000  0.308853E-01   0.378075E-02  -0.669780E-02   0.991683E+00	1500
 4186500  0.293955E-01   0.381484E-02  -0.665158E-02   0.991809E+00	1500
 4187000  0.283468E-01   0.372241E-02  -0.625513E-02   0.991919E+00	1500
 4187500  0.273982E-01   0.335105E-02  -0.575638E-02   0.992206E+00	1500
 4188000  0.265043E-01   0.329452E-02  -0.537533E-02   0.992343E+00	1500
 4188500  0.255635E-01   0.373289E-02  -0.527517E-02   0.992507E+00	1500
 4189000  0.245217E-01   0.418956E-02  -0.502248E-02   0.992710E+00	1500
 4189500  0.240836E-01   0.395026E-02  -0.431675E-02   0.992670E+00	1500
 4190000  0.245731E-01   0.245568E-02  -0.382987E-02   0.992725E+00	1500
 4190500  0.254957E-01   0.669061E-04  -0.410457E-02   0.992763E+00	1500
 4191000  0.265196E-01  -0.239915E-02  -0.508089E-02   0.993011E+00	1500
 4191500  0.286348E-01  -0.411655E-02  -0.635268E-02   0.992859E+00	1500
 4192000  0.315732E-01  -0.497733E-02  -0.684954E-02   0.992760E+00	1500
 4192500  0.342712E-01  -0.583349E-02  -0.611701E-02   0.992570E+00	1500
 4193000  0.359542E-01  -0.617365E-02  -0.585354E-02   0.992287E+00	1500
 4193500  0.373782E-01  -0.530595E-02  -0.743940E-02   0.991996E+00	1500
 4194000  0.406850E-01  -0.404889E-02  -0.104958E-01   0.991797E+00	1500
 4194500  0.464549E-01  -0.274178E-02  -0.138435E-01   0.991492E+00	1500
 4195000  0.498840E-01  -0.166863E-03  -0.164804E-01   0.991293E+00	1500
 4195500  0.482451E-01   0.354966E-02  -0.171925E-01   0.991084E+00	1500
 4196000  0.434834E-01   0.726182E-02  -0.152414E-01   0.991077E+00	1500
 4196500  0.385681E-01   0.968156E-02  -0.117744E-01   0.991169E+00	1500
 4197000  0.354219E-01   0.960397E-02  -0.876788E-02   0.991347E+00	1500
 4197500  0.334440E-01   0.766270E-02  -0.689589E-02   0.991586E+00	1500
 4198000  0.316320E-01   0.532088E-02  -0.600552E-02   0.991826E+00	1500
 4198500  0.299442E-01   0.364685E-02  -0.576764E-02   0.992093E+00	1500
 4199000  0.287279E-01   0.276707E-02  -0.590555E-02   0.992312E+00	1500
 4199500  0.281124E-01   0.237705E-02  -0.619702E-02   0.992458E+00	1500
 4200000  0.280004E-01   0.212121E-02  -0.625539E-02   0.992453E+00	1500
