# iter		u		v	w		rho		Re
 4000500  0.101415E+00  -0.452209E-01   0.213929E-01   0.994448E+00	1500 
 4001000  0.106722E+00  -0.465676E-01   0.521969E-02   0.992641E+00	1500
 4001500  0.118258E+00  -0.515910E-01   0.993304E-03   0.990241E+00	1500
 4002000  0.126657E+00  -0.497573E-01   0.768053E-02   0.988466E+00	1500
 4002500  0.113457E+00  -0.370228E-01   0.250662E-01   0.988290E+00	1500
 4003000  0.760472E-01   0.273132E-01   0.205421E-01   0.984374E+00	1500
 4003500  0.703543E-01   0.232350E-01   0.338663E-02   0.990746E+00	1500
 4004000  0.869204E-01  -0.117814E-01   0.121160E-01   0.996954E+00	1500
 4004500  0.596240E-01  -0.144622E-01  -0.484079E-02   0.991174E+00	1500
 4005000  0.665067E-01   0.310090E-02  -0.269330E-01   0.995695E+00	1500
 4005500  0.181610E-01   0.114023E-01  -0.523895E-02   0.991600E+00	1500
 4006000  0.359420E-01   0.229524E-01   0.374447E-01   0.995122E+00	1500
 4006500  0.377932E-01  -0.671917E-02   0.299840E-02   0.997881E+00	1500
 4007000  0.361515E-01   0.979730E-02   0.100153E-01   0.998700E+00	1500
 4007500  0.597409E-01  -0.511485E-02   0.314310E-01   0.100251E+01	1500
 4008000  0.738634E-01  -0.440528E-02   0.172965E-01   0.100400E+01	1500
 4008500  0.762203E-01  -0.169853E-01   0.117089E-01   0.100368E+01	1500
 4009000  0.817122E-01  -0.285436E-01   0.859166E-02   0.100172E+01	1500
 4009500  0.892697E-01  -0.374986E-01   0.703714E-02   0.999455E+00	1500
 4010000  0.998971E-01  -0.440401E-01   0.495072E-02   0.996731E+00	1500
 4010500  0.103071E+00  -0.445844E-01  -0.653079E-03   0.994439E+00	1500
 4011000  0.105125E+00  -0.506772E-01  -0.733639E-04   0.992461E+00	1500
 4011500  0.111657E+00  -0.572333E-01   0.335132E-02   0.990044E+00	1500
 4012000  0.117181E+00  -0.645863E-01   0.583522E-02   0.986105E+00	1500
 4012500  0.947634E-01   0.326423E-02   0.902308E-05   0.985503E+00	1500
 4013000  0.120597E+00  -0.337300E-01   0.197433E-01   0.987198E+00	1500
 4013500  0.117734E+00  -0.451285E-01   0.393881E-02   0.984149E+00	1500
 4014000  0.806279E-01  -0.131891E-01  -0.641155E-02   0.983171E+00	1500
 4014500  0.761938E-01  -0.145966E-02  -0.257614E-01   0.984480E+00	1500
 4015000  0.722860E-01  -0.847998E-03  -0.213122E-01   0.987753E+00	1500
 4015500  0.627941E-01  -0.316277E-02  -0.606600E-02   0.990452E+00	1500
 4016000  0.831331E-01  -0.343260E-02   0.961208E-02   0.988792E+00	1500
 4016500  0.803756E-01   0.167969E-02   0.480347E-02   0.986634E+00	1500
 4017000  0.673966E-01  -0.200744E-01  -0.405456E-01   0.989977E+00	1500
 4017500  0.694828E-01   0.582019E-02  -0.241750E-02   0.992254E+00	1500
 4018000  0.318281E-01   0.194564E-01   0.124963E-01   0.991374E+00	1500
 4018500  0.594989E-02   0.644697E-01  -0.410585E-02   0.991111E+00	1500
 4019000  0.408836E-02   0.643145E-01   0.114458E-01   0.993938E+00	1500
 4019500 -0.158414E-01   0.606314E-01  -0.203946E-01   0.995812E+00	1500
 4020000 -0.497603E-02   0.371626E-01   0.383978E-01   0.997402E+00	1500
 4020500 -0.248809E-01   0.210288E-01   0.376305E-01   0.100189E+01	1500
 4021000 -0.558908E-01   0.198846E-01   0.229024E-01   0.994845E+00	1500
 4021500 -0.484070E-01   0.454153E-01   0.608562E-02   0.997158E+00	1500
 4022000 -0.628420E-02   0.334511E-01  -0.860723E-02   0.100094E+01	1500
 4022500  0.449721E-01   0.551309E-02  -0.183226E-01   0.100141E+01	1500
 4023000  0.709985E-01  -0.175541E-01  -0.117564E-01   0.999448E+00	1500
 4023500  0.745909E-01  -0.380841E-01  -0.881294E-02   0.997084E+00	1500
 4024000  0.827803E-01  -0.576287E-01  -0.531774E-02   0.994540E+00	1500
 4024500  0.102095E+00  -0.687631E-01  -0.341798E-02   0.991819E+00	1500
 4025000  0.114174E+00  -0.648282E-01  -0.986851E-03   0.989273E+00	1500
 4025500  0.121244E+00  -0.673919E-01   0.808855E-02   0.987100E+00	1500
 4026000  0.898057E-01  -0.250100E-01   0.256937E-03   0.982716E+00	1500
 4026500  0.132116E+00  -0.510042E-01  -0.325019E-02   0.984321E+00	1500
 4027000  0.145729E+00  -0.329084E-01   0.120035E-01   0.981179E+00	1500
 4027500  0.130465E+00  -0.728268E-02  -0.154206E-01   0.983021E+00	1500
 4028000  0.135547E+00  -0.368124E-01  -0.301771E-02   0.984675E+00	1500
 4028500  0.117031E+00  -0.168522E-01   0.143756E-01   0.983341E+00	1500
 4029000  0.107885E+00  -0.914332E-02  -0.466568E-03   0.985552E+00	1500
 4029500  0.836579E-01   0.181262E-01  -0.216421E-02   0.987568E+00	1500
 4030000  0.646640E-01   0.129009E-01  -0.240425E-02   0.989783E+00	1500
 4030500  0.163244E-01   0.596353E-01   0.112140E-02   0.990627E+00	1500
 4031000  0.114966E-01   0.590188E-01   0.843585E-02   0.991990E+00	1500
 4031500  0.280857E-01   0.574572E-01  -0.460570E-01   0.997584E+00	1500
 4032000 -0.159787E-01   0.446841E-01   0.135917E-02   0.100403E+01	1500
 4032500  0.516987E-02   0.352025E-01   0.298804E-02   0.100545E+01	1500
 4033000 -0.608020E-02   0.122419E-01   0.135283E-01   0.100468E+01	1500
 4033500 -0.174240E-01  -0.680057E-02   0.926061E-02   0.999789E+00	1500
 4034000 -0.120542E-01  -0.525413E-02  -0.681212E-02   0.999608E+00	1500
 4034500  0.250745E-01  -0.101931E-01  -0.119519E-01   0.100106E+01	1500
 4035000  0.544552E-01  -0.311101E-01  -0.638538E-02   0.999321E+00	1500
 4035500  0.690626E-01  -0.464174E-01   0.129838E-02   0.997273E+00	1500
 4036000  0.763300E-01  -0.536020E-01   0.338607E-02   0.995527E+00	1500
 4036500  0.849466E-01  -0.603941E-01   0.125764E-02   0.993922E+00	1500
 4037000  0.946239E-01  -0.666829E-01   0.587386E-03   0.992077E+00	1500
 4037500  0.105218E+00  -0.736265E-01   0.320369E-02   0.989728E+00	1500
 4038000  0.139786E+00  -0.674539E-01   0.284440E-02   0.986711E+00	1500
 4038500  0.126826E+00  -0.561951E-01  -0.269699E-02   0.987042E+00	1500
 4039000  0.146334E+00  -0.694782E-01  -0.112111E-02   0.983458E+00	1500
 4039500  0.145484E+00  -0.447329E-01  -0.421079E-02   0.983624E+00	1500
 4040000  0.135504E+00  -0.375238E-01  -0.520860E-03   0.980704E+00	1500
 4040500  0.688572E-01   0.190455E-02  -0.171620E-01   0.977597E+00	1500
 4041000  0.774975E-01   0.805353E-01  -0.236399E-01   0.981223E+00	1500
 4041500  0.769357E-01   0.889825E-01   0.708745E-01   0.988575E+00	1500
 4042000  0.826291E-01   0.447223E-01   0.670168E-01   0.990903E+00	1500
 4042500  0.105675E+00   0.272064E-01   0.611427E-01   0.996268E+00	1500
 4043000  0.432562E-01   0.438973E-01   0.503849E-01   0.100139E+01	1500
 4043500  0.255680E-01   0.531165E-01   0.252536E-01   0.100357E+01	1500
 4044000  0.212218E-01   0.348719E-01   0.406375E-01   0.100319E+01	1500
 4044500  0.107037E-01   0.117705E-01   0.452848E-01   0.100068E+01	1500
 4045000 -0.231781E-01  -0.127749E-01   0.600858E-01   0.990051E+00	1500
 4045500 -0.670890E-01   0.706294E-02   0.295944E-01   0.971731E+00	1500
 4046000 -0.577847E-01   0.296203E-01  -0.415762E-01   0.978433E+00	1500
 4046500 -0.193041E-01   0.514396E-02  -0.529083E-01   0.995027E+00	1500
 4047000 -0.733723E-03  -0.903410E-02  -0.338744E-01   0.999983E+00	1500
 4047500  0.254265E-01  -0.255005E-01  -0.229075E-01   0.100173E+01	1500
 4048000  0.495999E-01  -0.379600E-01  -0.794605E-02   0.100080E+01	1500
 4048500  0.670127E-01  -0.488361E-01  -0.391540E-02   0.999219E+00	1500
 4049000  0.807882E-01  -0.561523E-01  -0.203273E-02   0.997476E+00	1500
 4049500  0.931095E-01  -0.610998E-01  -0.120535E-02   0.995348E+00	1500
 4050000  0.105432E+00  -0.636700E-01  -0.119027E-02   0.993303E+00	1500
 4050500  0.116860E+00  -0.641333E-01  -0.199080E-02   0.991252E+00	1500
 4051000  0.131173E+00  -0.652701E-01  -0.369189E-02   0.988775E+00	1500
 4051500  0.144404E+00  -0.493910E-01  -0.455137E-02   0.987271E+00	1500
 4052000  0.133626E+00  -0.386185E-01  -0.208305E-04   0.988261E+00	1500
 4052500  0.942397E-01  -0.834194E-02   0.461881E-02   0.983746E+00	1500
 4053000  0.841295E-01   0.347252E-01  -0.401986E-02   0.987740E+00	1500
 4053500  0.899088E-01   0.302838E-01  -0.445969E-02   0.988482E+00	1500
 4054000  0.797440E-01   0.340517E-01   0.995394E-02   0.994703E+00	1500
 4054500  0.703684E-01   0.498062E-01  -0.223684E-01   0.999564E+00	1500
 4055000  0.501643E-01   0.644201E-01  -0.418553E-03   0.100283E+01	1500
 4055500  0.477281E-01   0.573177E-01  -0.396193E-02   0.100505E+01	1500
 4056000  0.463374E-01   0.450945E-01  -0.253358E-01   0.100448E+01	1500
 4056500  0.391369E-01   0.751363E-02  -0.470378E-01   0.100275E+01	1500
 4057000  0.774654E-02  -0.248020E-01  -0.237766E-01   0.996305E+00	1500
 4057500  0.501984E-01  -0.381869E-01   0.160533E-01   0.992097E+00	1500
 4058000  0.364937E-01  -0.361257E-01   0.462646E-01   0.999720E+00	1500
 4058500  0.556009E-01  -0.446724E-01   0.185193E-01   0.100029E+01	1500
 4059000  0.654488E-01  -0.514640E-01   0.906350E-02   0.999684E+00	1500
 4059500  0.725865E-01  -0.550016E-01   0.446583E-02   0.998485E+00	1500
 4060000  0.799515E-01  -0.580149E-01   0.249575E-02   0.997549E+00	1500
 4060500  0.881767E-01  -0.611669E-01   0.120750E-02   0.996860E+00	1500
 4061000  0.979910E-01  -0.638025E-01   0.382057E-03   0.995753E+00	1500
 4061500  0.109308E+00  -0.645640E-01   0.780951E-03   0.994382E+00	1500
 4062000  0.119515E+00  -0.638650E-01   0.397658E-02   0.992962E+00	1500
 4062500  0.139120E+00  -0.673468E-01   0.140771E-02   0.989894E+00	1500
 4063000  0.133086E+00  -0.153695E-01  -0.121581E-01   0.987364E+00	1500
 4063500  0.664665E-01   0.159392E-01   0.141707E-02   0.990865E+00	1500
 4064000  0.525635E-01  -0.183234E-01  -0.615526E-02   0.987413E+00	1500
 4064500  0.849800E-01  -0.348189E-03  -0.227388E-01   0.994363E+00	1500
 4065000  0.114125E+00  -0.196392E-01  -0.673443E-02   0.997432E+00	1500
 4065500  0.930232E-01   0.484259E-02   0.244045E-01   0.100049E+01	1500
 4066000  0.109213E+00   0.135560E-01   0.268937E-01   0.100527E+01	1500
 4066500  0.757142E-01   0.343264E-02   0.449390E-02   0.100696E+01	1500
 4067000  0.712398E-01  -0.160718E-02   0.678901E-02   0.100683E+01	1500
 4067500  0.688047E-01  -0.116111E-01  -0.479395E-02   0.100572E+01	1500
 4068000  0.651524E-01  -0.224702E-01  -0.549235E-02   0.100400E+01	1500
 4068500  0.686965E-01  -0.335693E-01  -0.245880E-02   0.100188E+01	1500
 4069000  0.788775E-01  -0.440353E-01   0.322940E-02   0.999088E+00	1500
 4069500  0.100130E+00  -0.546877E-01   0.340020E-02   0.995542E+00	1500
 4070000  0.112967E+00  -0.555373E-01  -0.939913E-02   0.992649E+00	1500
 4070500  0.112742E+00  -0.555109E-01  -0.192417E-01   0.992970E+00	1500
 4071000  0.104150E+00  -0.542435E-01  -0.201128E-01   0.995127E+00	1500
 4071500  0.964639E-01  -0.504590E-01  -0.188347E-01   0.997430E+00	1500
 4072000  0.913388E-01  -0.488831E-01  -0.134589E-01   0.998247E+00	1500
 4072500  0.928016E-01  -0.527568E-01  -0.715585E-02   0.997484E+00	1500
 4073000  0.998421E-01  -0.594165E-01  -0.364549E-02   0.995547E+00	1500
 4073500  0.110118E+00  -0.658938E-01  -0.586842E-03   0.992501E+00	1500
 4074000  0.131865E+00  -0.612860E-01   0.991426E-03   0.988164E+00	1500
 4074500  0.134567E+00  -0.588420E-01  -0.101654E-01   0.985498E+00	1500
 4075000  0.144384E+00  -0.588973E-01  -0.136314E-01   0.981811E+00	1500
 4075500  0.133498E+00  -0.218200E-01  -0.551962E-02   0.978396E+00	1500
 4076000  0.836292E-01   0.366897E-03  -0.138106E-01   0.984966E+00	1500
 4076500  0.987021E-02   0.420358E-01  -0.265749E-01   0.978770E+00	1500
 4077000  0.174566E-01   0.764162E-01  -0.125874E-01   0.985180E+00	1500
 4077500  0.102934E-01   0.803637E-01  -0.125110E-01   0.991067E+00	1500
 4078000  0.205640E-03   0.582907E-01  -0.438247E-01   0.994546E+00	1500
 4078500 -0.401295E-02   0.441837E-01  -0.512066E-01   0.997198E+00	1500
 4079000 -0.824776E-02   0.257767E-01  -0.315412E-01   0.998999E+00	1500
 4079500 -0.311340E-02   0.187029E-01  -0.275787E-01   0.100027E+01	1500
 4080000  0.579784E-02  -0.478076E-02  -0.304339E-01   0.100138E+01	1500
 4080500  0.318467E-02  -0.162777E-01  -0.355200E-01   0.100146E+01	1500
 4081000  0.205977E-01  -0.102175E-01  -0.347275E-01   0.100141E+01	1500
 4081500  0.568778E-01  -0.686952E-02  -0.261156E-01   0.100186E+01	1500
 4082000  0.671925E-01  -0.247463E-01  -0.162720E-01   0.100144E+01	1500
 4082500  0.767023E-01  -0.361083E-01  -0.127601E-01   0.999058E+00	1500
 4083000  0.926001E-01  -0.480097E-01  -0.101078E-01   0.996131E+00	1500
 4083500  0.103176E+00  -0.505465E-01   0.687909E-03   0.993197E+00	1500
 4084000  0.115797E+00  -0.583845E-01   0.372029E-02   0.990245E+00	1500
 4084500  0.137764E+00  -0.461528E-01  -0.214059E-02   0.987790E+00	1500
 4085000  0.135451E+00  -0.381876E-01  -0.440936E-02   0.988024E+00	1500
 4085500  0.139933E+00  -0.434388E-01  -0.312222E-02   0.986691E+00	1500
 4086000  0.118493E+00  -0.453422E-01  -0.969219E-02   0.985621E+00	1500
 4086500  0.121918E+00  -0.104573E-01   0.102789E-01   0.985238E+00	1500
 4087000  0.977804E-01  -0.811959E-02  -0.244646E-01   0.988545E+00	1500
 4087500  0.103024E+00  -0.252050E-01  -0.168770E-01   0.989911E+00	1500
 4088000  0.858485E-01   0.433119E-02   0.523813E-02   0.989415E+00	1500
 4088500  0.891843E-01  -0.244844E-01  -0.237389E-01   0.993962E+00	1500
 4089000  0.982691E-01  -0.242449E-01   0.274718E-03   0.993191E+00	1500
 4089500  0.868645E-01  -0.367698E-02   0.155340E-01   0.992688E+00	1500
 4090000  0.786964E-01  -0.600436E-03   0.330624E-01   0.995444E+00	1500
 4090500  0.860083E-01  -0.229949E-01  -0.721285E-02   0.997325E+00	1500
 4091000  0.744248E-01  -0.223595E-01  -0.399908E-01   0.100087E+01	1500
 4091500  0.909987E-01  -0.292530E-01  -0.299443E-01   0.100080E+01	1500
 4092000  0.884367E-01  -0.176535E-01  -0.992331E-02   0.100120E+01	1500
 4092500  0.906352E-01  -0.189698E-01  -0.604787E-02   0.100151E+01	1500
 4093000  0.845139E-01  -0.298498E-01  -0.369114E-02   0.100094E+01	1500
 4093500  0.819260E-01  -0.401849E-01   0.236063E-03   0.999736E+00	1500
 4094000  0.823063E-01  -0.494006E-01   0.273291E-02   0.998094E+00	1500
 4094500  0.862005E-01  -0.573292E-01   0.556761E-02   0.996604E+00	1500
 4095000  0.905185E-01  -0.618156E-01   0.952951E-02   0.994744E+00	1500
 4095500  0.945325E-01  -0.656960E-01   0.121309E-01   0.993393E+00	1500
 4096000  0.103405E+00  -0.656553E-01   0.153301E-01   0.992273E+00	1500
 4096500  0.119128E+00  -0.637251E-01   0.102390E-01   0.990293E+00	1500
 4097000  0.116943E+00  -0.616906E-01   0.677898E-02   0.988938E+00	1500
 4097500  0.142392E+00  -0.534139E-01   0.116690E-01   0.985488E+00	1500
 4098000  0.144579E+00  -0.467860E-01   0.596970E-02   0.984376E+00	1500
 4098500  0.146410E+00  -0.406637E-01  -0.936072E-02   0.983599E+00	1500
 4099000  0.104627E+00   0.366548E-02   0.378201E-02   0.982431E+00	1500
 4099500  0.545440E-01   0.329957E-01   0.835052E-03   0.987036E+00	1500
 4100000  0.587480E-01   0.351532E-01   0.926200E-02   0.994096E+00	1500
 4100500  0.958122E-01  -0.738302E-02   0.232989E-01   0.996852E+00	1500
 4101000  0.931907E-01  -0.197784E-01   0.348798E-01   0.994651E+00	1500
 4101500  0.932171E-01  -0.203386E-01   0.337780E-01   0.995656E+00	1500
 4102000  0.106963E+00  -0.285918E-01   0.328732E-01   0.998485E+00	1500
 4102500  0.102801E+00  -0.246714E-01  -0.718492E-02   0.999657E+00	1500
 4103000  0.939315E-01  -0.269306E-01  -0.133926E-01   0.100016E+01	1500
 4103500  0.103890E+00  -0.264105E-01  -0.126443E-01   0.998846E+00	1500
 4104000  0.973117E-01  -0.225764E-01  -0.133806E-01   0.998181E+00	1500
 4104500  0.964042E-01  -0.349090E-01  -0.127411E-01   0.996864E+00	1500
 4105000  0.980173E-01  -0.465759E-01  -0.606943E-02   0.995072E+00	1500
 4105500  0.100345E+00  -0.549320E-01  -0.699369E-03   0.993553E+00	1500
 4106000  0.104455E+00  -0.600820E-01   0.863780E-02   0.993126E+00	1500
 4106500  0.102721E+00  -0.526883E-01   0.226212E-01   0.994515E+00	1500
 4107000  0.976234E-01  -0.499371E-01   0.873554E-02   0.993238E+00	1500
 4107500  0.100661E+00  -0.598016E-01   0.383471E-02   0.993252E+00	1500
 4108000  0.105787E+00  -0.631324E-01   0.368864E-02   0.992752E+00	1500
 4108500  0.118384E+00  -0.634045E-01   0.877976E-03   0.991383E+00	1500
 4109000  0.125078E+00  -0.498599E-01  -0.108954E-01   0.991200E+00	1500
 4109500  0.125254E+00  -0.498973E-01  -0.103215E-01   0.990145E+00	1500
 4110000  0.124521E+00  -0.575930E-01  -0.612080E-02   0.986946E+00	1500
 4110500  0.751535E-01  -0.270926E-01   0.493907E-02   0.967883E+00	1500
 4111000  0.962209E-01   0.252075E-01  -0.103725E-01   0.976534E+00	1500
 4111500  0.117616E+00   0.323262E-01  -0.151756E-02   0.993820E+00	1500
 4112000  0.772747E-01  -0.958017E-02  -0.955493E-02   0.998625E+00	1500
 4112500  0.918665E-01  -0.556829E-03   0.298548E-02   0.995617E+00	1500
 4113000  0.359257E-01   0.419662E-01   0.226976E-03   0.998369E+00	1500
 4113500  0.109444E+00  -0.140447E-01   0.121172E-01   0.997030E+00	1500
 4114000  0.105491E+00  -0.957138E-02   0.276521E-01   0.995048E+00	1500
 4114500  0.863867E-01  -0.694017E-01   0.208945E-01   0.993204E+00	1500
 4115000  0.364729E-01  -0.556527E-01   0.210051E-01   0.996186E+00	1500
 4115500  0.430707E-01  -0.271604E-01  -0.330146E-01   0.999510E+00	1500
 4116000  0.728159E-01  -0.340923E-01  -0.259631E-01   0.999966E+00	1500
 4116500  0.784028E-01  -0.300905E-01  -0.104073E-01   0.100114E+01	1500
 4117000  0.799124E-01  -0.382427E-01  -0.744123E-02   0.999499E+00	1500
 4117500  0.814756E-01  -0.451760E-01  -0.469617E-02   0.997952E+00	1500
 4118000  0.837558E-01  -0.507684E-01  -0.204187E-02   0.996488E+00	1500
 4118500  0.860904E-01  -0.565457E-01  -0.948023E-03   0.995351E+00	1500
 4119000  0.913543E-01  -0.627250E-01  -0.109541E-02   0.994446E+00	1500
 4119500  0.100326E+00  -0.648600E-01  -0.236412E-02   0.993175E+00	1500
 4120000  0.106556E+00  -0.649863E-01  -0.309117E-02   0.991674E+00	1500
 4120500  0.114396E+00  -0.703142E-01  -0.278765E-02   0.989708E+00	1500
 4121000  0.132412E+00  -0.708294E-01  -0.838194E-02   0.986657E+00	1500
 4121500  0.134422E+00  -0.571868E-01  -0.789186E-02   0.983590E+00	1500
 4122000  0.140609E+00  -0.458568E-01  -0.106288E-01   0.980149E+00	1500
 4122500  0.924939E-01   0.211418E-01  -0.217925E-01   0.980245E+00	1500
 4123000  0.666057E-01   0.501594E-01  -0.805539E-02   0.986751E+00	1500
 4123500  0.355865E-01   0.217905E-01   0.152452E-01   0.987534E+00	1500
 4124000  0.390219E-01   0.718892E-01  -0.672990E-02   0.989319E+00	1500
 4124500  0.424319E-01   0.461147E-01  -0.101205E-01   0.992582E+00	1500
 4125000  0.544692E-01   0.462859E-01  -0.246500E-02   0.999874E+00	1500
 4125500  0.132862E-01   0.433806E-01  -0.172952E-01   0.100232E+01	1500
 4126000  0.315700E-01   0.394784E-01  -0.203295E-01   0.100176E+01	1500
 4126500  0.184470E-01   0.380519E-01  -0.223939E-01   0.100307E+01	1500
 4127000  0.141123E-01   0.292746E-01  -0.135899E-01   0.100459E+01	1500
 4127500  0.104489E-01  -0.582603E-04  -0.124898E-01   0.100376E+01	1500
 4128000  0.451259E-03  -0.238393E-01   0.202870E-02   0.100163E+01	1500
 4128500 -0.280723E-02  -0.208267E-01  -0.335630E-01   0.999293E+00	1500
 4129000  0.112725E-01  -0.134967E-02  -0.287205E-01   0.100155E+01	1500
 4129500  0.411986E-01  -0.130139E-01  -0.220509E-01   0.100315E+01	1500
 4130000  0.596051E-01  -0.304976E-01  -0.684905E-02   0.100110E+01	1500
 4130500  0.721852E-01  -0.461388E-01  -0.163982E-02   0.998692E+00	1500
 4131000  0.831865E-01  -0.569276E-01   0.202928E-03   0.996236E+00	1500
 4131500  0.947029E-01  -0.646509E-01   0.730919E-03   0.993768E+00	1500
 4132000  0.110049E+00  -0.687390E-01   0.112413E-02   0.991294E+00	1500
 4132500  0.124947E+00  -0.660136E-01  -0.115241E-02   0.988708E+00	1500
 4133000  0.137756E+00  -0.596756E-01  -0.560683E-02   0.986885E+00	1500
 4133500  0.142215E+00  -0.529711E-01  -0.765712E-02   0.985650E+00	1500
 4134000  0.129304E+00  -0.472386E-01   0.886603E-04   0.983359E+00	1500
 4134500  0.108646E+00  -0.108911E-01   0.949258E-02   0.982788E+00	1500
 4135000  0.975323E-01  -0.136849E-01   0.463406E-02   0.984930E+00	1500
 4135500  0.860679E-01  -0.111872E-01   0.111436E-01   0.986055E+00	1500
 4136000  0.948511E-01   0.238189E-01  -0.161049E-01   0.987551E+00	1500
 4136500  0.701525E-01   0.516972E-01  -0.379194E-01   0.993420E+00	1500
 4137000  0.546197E-01   0.297863E-01  -0.327818E-01   0.995704E+00	1500
 4137500  0.360619E-01   0.346879E-01  -0.378011E-01   0.999817E+00	1500
 4138000  0.650775E-01   0.585760E-02  -0.388742E-01   0.100648E+01	1500
 4138500  0.672999E-01  -0.586340E-02  -0.312485E-02   0.100055E+01	1500
 4139000  0.903905E-02   0.422462E-01   0.182049E-01   0.994806E+00	1500
 4139500  0.194173E-01   0.458752E-01  -0.237890E-01   0.100421E+01	1500
 4140000  0.233239E-01   0.135981E-01  -0.199685E-01   0.100521E+01	1500
 4140500  0.333086E-01  -0.218619E-01  -0.748833E-02   0.100356E+01	1500
 4141000  0.471563E-01  -0.358325E-01  -0.242202E-02   0.100128E+01	1500
 4141500  0.565576E-01  -0.452704E-01   0.871667E-03   0.999276E+00	1500
 4142000  0.636089E-01  -0.523778E-01   0.227684E-02   0.997821E+00	1500
 4142500  0.702418E-01  -0.585334E-01   0.207272E-02   0.996640E+00	1500
 4143000  0.775894E-01  -0.640907E-01   0.166999E-02   0.995549E+00	1500
 4143500  0.854053E-01  -0.697566E-01   0.151980E-02   0.994197E+00	1500
 4144000  0.935689E-01  -0.765446E-01   0.162112E-02   0.992233E+00	1500
 4144500  0.109247E+00  -0.938330E-01  -0.207687E-03   0.988709E+00	1500
 4145000  0.132779E+00  -0.788466E-01  -0.839574E-03   0.984419E+00	1500
 4145500  0.133517E+00  -0.482037E-01   0.659269E-03   0.985318E+00	1500
 4146000  0.128987E+00  -0.345242E-01  -0.539967E-02   0.985720E+00	1500
 4146500  0.132511E+00  -0.398862E-01  -0.112631E-01   0.983428E+00	1500
 4147000  0.753097E-01  -0.309169E-01   0.114192E-01   0.981009E+00	1500
 4147500  0.444337E-01   0.627754E-01  -0.946695E-02   0.982336E+00	1500
 4148000  0.707409E-01   0.653558E-01   0.826021E-02   0.994549E+00	1500
 4148500  0.851673E-01   0.147037E-01   0.255349E-02   0.100362E+01	1500
 4149000  0.859460E-01  -0.189117E-01   0.151417E-01   0.100130E+01	1500
 4149500  0.732307E-01  -0.195704E-01   0.246856E-01   0.100151E+01	1500
 4150000  0.854431E-01  -0.953859E-02   0.121202E-01   0.100263E+01	1500
 4150500  0.100137E+00  -0.258507E-01   0.265805E-02   0.100116E+01	1500
 4151000  0.888437E-01  -0.274062E-01   0.871897E-02   0.100176E+01	1500
 4151500  0.898235E-01  -0.386378E-01   0.282392E-02   0.100070E+01	1500
 4152000  0.948421E-01  -0.429772E-01   0.123769E-02   0.998729E+00	1500
 4152500  0.964522E-01  -0.444555E-01   0.735518E-02   0.997619E+00	1500
 4153000  0.949237E-01  -0.445200E-01   0.129270E-01   0.997255E+00	1500
 4153500  0.958105E-01  -0.486124E-01   0.100054E-01   0.997060E+00	1500
 4154000  0.969437E-01  -0.507345E-01   0.768849E-02   0.997637E+00	1500
 4154500  0.949328E-01  -0.484893E-01   0.647577E-02   0.997324E+00	1500
 4155000  0.965347E-01  -0.500613E-01   0.399476E-02   0.996301E+00	1500
 4155500  0.100928E+00  -0.532289E-01   0.275569E-02   0.995136E+00	1500
 4156000  0.106230E+00  -0.559409E-01   0.273179E-02   0.994215E+00	1500
 4156500  0.111093E+00  -0.595776E-01   0.294103E-02   0.993045E+00	1500
 4157000  0.121700E+00  -0.647442E-01   0.442912E-02   0.990887E+00	1500
 4157500  0.125033E+00  -0.602661E-01   0.136857E-01   0.988871E+00	1500
 4158000  0.979197E-01  -0.242255E-01  -0.493874E-02   0.973150E+00	1500
 4158500  0.840900E-01   0.144168E-01  -0.234991E-02   0.982976E+00	1500
 4159000  0.935411E-01  -0.160462E-02   0.192824E-01   0.992822E+00	1500
 4159500  0.567907E-01  -0.326752E-01   0.134648E-01   0.988672E+00	1500
 4160000  0.220431E-01   0.266068E-01   0.233820E-01   0.985818E+00	1500
 4160500  0.484072E-01   0.485279E-01  -0.292874E-01   0.993480E+00	1500
 4161000  0.181363E-01   0.568374E-01  -0.897246E-02   0.998677E+00	1500
 4161500  0.320105E-01   0.346238E-01   0.122787E-01   0.100097E+01	1500
 4162000  0.334835E-01   0.179371E-01   0.251739E-02   0.100438E+01	1500
 4162500  0.263154E-01  -0.108441E-02   0.117307E-01   0.100908E+01	1500
 4163000  0.568137E-01  -0.369246E-01   0.362267E-02   0.100642E+01	1500
 4163500  0.781535E-01  -0.348903E-01  -0.387164E-03   0.100213E+01	1500
 4164000  0.864407E-01  -0.492569E-01  -0.221788E-02   0.998221E+00	1500
 4164500  0.101988E+00  -0.574068E-01   0.210280E-02   0.994455E+00	1500
 4165000  0.114186E+00  -0.535081E-01   0.521714E-02   0.992332E+00	1500
 4165500  0.118634E+00  -0.469372E-01   0.542648E-02   0.991102E+00	1500
 4166000  0.120759E+00  -0.449771E-01   0.186579E-02   0.990194E+00	1500
 4166500  0.121721E+00  -0.451335E-01  -0.319521E-02   0.989870E+00	1500
 4167000  0.122647E+00  -0.474901E-01  -0.437744E-02   0.989669E+00	1500
 4167500  0.126034E+00  -0.492017E-01   0.380310E-02   0.989655E+00	1500
 4168000  0.122578E+00  -0.464125E-01   0.103301E-01   0.989184E+00	1500
 4168500  0.125049E+00  -0.483346E-01   0.114834E-01   0.985870E+00	1500
 4169000  0.117631E+00  -0.373179E-01  -0.198858E-02   0.982655E+00	1500
 4169500  0.467821E-01   0.453100E-02  -0.104804E-01   0.983108E+00	1500
 4170000  0.340910E-01   0.494739E-01   0.205785E-01   0.982814E+00	1500
 4170500  0.275198E-01   0.476983E-01  -0.553759E-01   0.986764E+00	1500
 4171000  0.395432E-01  -0.303225E-01  -0.109156E-01   0.991755E+00	1500
 4171500  0.248757E-01  -0.865186E-02  -0.827364E-02   0.988031E+00	1500
 4172000  0.286794E-01   0.139544E-01  -0.294756E-01   0.990806E+00	1500
 4172500  0.153852E-01   0.333938E-01  -0.155255E-01   0.991926E+00	1500
 4173000  0.238868E-01   0.203209E-01  -0.125610E-01   0.994646E+00	1500
 4173500  0.238950E-01   0.156150E-01  -0.132630E-03   0.997206E+00	1500
 4174000  0.180146E-01   0.348311E-02   0.101496E-01   0.998728E+00	1500
 4174500  0.679766E-02  -0.606899E-02   0.994916E-02   0.997973E+00	1500
 4175000  0.400903E-02  -0.113787E-01  -0.412248E-01   0.999462E+00	1500
 4175500  0.550691E-01  -0.311067E-01  -0.399595E-01   0.998760E+00	1500
 4176000  0.855793E-01  -0.468447E-01  -0.101892E-01   0.994510E+00	1500
 4176500  0.935889E-01  -0.494180E-01   0.131885E-02   0.989813E+00	1500
 4177000  0.102366E+00  -0.420435E-01   0.210182E-01   0.986867E+00	1500
 4177500  0.114024E+00  -0.255017E-01   0.184160E-01   0.990019E+00	1500
 4178000  0.102997E+00  -0.382350E-01   0.114925E-01   0.991866E+00	1500
 4178500  0.104465E+00  -0.497803E-01   0.735224E-02   0.990440E+00	1500
 4179000  0.103346E+00  -0.652079E-01   0.148038E-01   0.988291E+00	1500
 4179500  0.963465E-01  -0.516634E-01   0.174788E-01   0.983044E+00	1500
 4180000  0.783544E-01  -0.254943E-01  -0.409926E-02   0.981712E+00	1500
 4180500  0.701749E-01  -0.270108E-01  -0.106868E-01   0.980760E+00	1500
 4181000  0.516481E-01  -0.187855E-01  -0.235376E-01   0.977266E+00	1500
 4181500  0.588017E-01  -0.813923E-02  -0.330308E-01   0.976849E+00	1500
 4182000  0.631224E-01   0.117652E-01  -0.275788E-01   0.986612E+00	1500
 4182500  0.698561E-01   0.476659E-03  -0.193961E-01   0.986241E+00	1500
 4183000  0.100421E+00   0.144189E-01   0.107657E-01   0.987457E+00	1500
 4183500  0.849338E-01  -0.139297E-01  -0.101136E-01   0.989257E+00	1500
 4184000  0.732607E-01   0.138213E-01   0.475919E-02   0.990314E+00	1500
 4184500  0.538580E-01   0.118240E-01   0.166415E-01   0.994197E+00	1500
 4185000  0.356767E-01   0.299865E-01   0.186738E-02   0.997000E+00	1500
 4185500  0.433743E-01   0.233134E-01   0.233003E-01   0.998379E+00	1500
 4186000  0.463176E-01  -0.141184E-02   0.108500E-01   0.995854E+00	1500
 4186500  0.360530E-01  -0.209319E-01  -0.105832E-02   0.994564E+00	1500
 4187000  0.183665E-01  -0.262384E-01  -0.484412E-01   0.997643E+00	1500
 4187500  0.691039E-01  -0.203869E-01  -0.193928E-01   0.100087E+01	1500
 4188000  0.758273E-01  -0.336289E-01  -0.126443E-01   0.100061E+01	1500
 4188500  0.830661E-01  -0.398805E-01  -0.881496E-02   0.998740E+00	1500
 4189000  0.873019E-01  -0.469658E-01  -0.494150E-02   0.996587E+00	1500
 4189500  0.937912E-01  -0.522143E-01  -0.371271E-02   0.994327E+00	1500
 4190000  0.102506E+00  -0.562118E-01  -0.381192E-02   0.992206E+00	1500
 4190500  0.116492E+00  -0.563707E-01  -0.160089E-02   0.990329E+00	1500
 4191000  0.118983E+00  -0.534963E-01  -0.927879E-03   0.989005E+00	1500
 4191500  0.122648E+00  -0.559501E-01  -0.586952E-02   0.987757E+00	1500
 4192000  0.129395E+00  -0.622673E-01  -0.476799E-02   0.985856E+00	1500
 4192500  0.134816E+00  -0.475575E-01  -0.742142E-02   0.983600E+00	1500
 4193000  0.136487E+00  -0.124344E-01   0.238515E-01   0.982672E+00	1500
 4193500  0.118385E+00  -0.233006E-01  -0.191503E-01   0.977417E+00	1500
 4194000  0.121690E+00  -0.418415E-01  -0.270214E-01   0.984766E+00	1500
 4194500  0.142294E+00  -0.259326E-01  -0.110461E-01   0.985414E+00	1500
 4195000  0.138612E+00  -0.258680E-01  -0.180599E-01   0.985895E+00	1500
 4195500  0.119884E+00  -0.132780E-02   0.323710E-03   0.989882E+00	1500
 4196000  0.869755E-01   0.163819E-01   0.382660E-01   0.995339E+00	1500
 4196500  0.101021E+00  -0.313349E-01   0.509768E-02   0.994122E+00	1500
 4197000  0.101549E+00  -0.432779E-01  -0.736211E-02   0.994045E+00	1500
 4197500  0.602583E-01  -0.346701E-01  -0.232346E-01   0.996883E+00	1500
 4198000  0.790238E-01  -0.381852E-01  -0.344238E-01   0.994358E+00	1500
 4198500  0.718100E-01  -0.177200E-01   0.322362E-01   0.993299E+00	1500
 4199000  0.581811E-01  -0.181386E-01   0.591261E-01   0.995261E+00	1500
 4199500  0.481342E-01  -0.720063E-02   0.636300E-01   0.995770E+00	1500
 4200000  0.243574E-01  -0.524156E-02   0.279199E-01   0.992908E+00	1500
