# iter		u		v	w		Rho		Re
 4000500  0.488007E-01   0.107110E-01  -0.293734E-03   0.991096E+00	1500 
 4001000  0.542836E-01  -0.224207E-03  -0.239658E-03   0.993336E+00	1500
 4001500  0.580207E-01  -0.124525E-01   0.122827E-02   0.993885E+00	1500
 4002000  0.663898E-01  -0.210765E-01   0.690308E-03   0.992790E+00	1500
 4002500  0.581210E-01  -0.193912E-01  -0.734226E-04   0.989055E+00	1500
 4003000  0.446201E-01   0.605666E-02  -0.123876E-03   0.986683E+00	1500
 4003500  0.358952E-01   0.268138E-01  -0.160996E-03   0.990097E+00	1500
 4004000  0.364911E-01   0.219510E-01  -0.388309E-03   0.994235E+00	1500
 4004500  0.358571E-01   0.108835E-01  -0.346085E-03   0.995688E+00	1500
 4005000  0.321105E-01   0.710034E-03  -0.310224E-03   0.995884E+00	1500
 4005500  0.258911E-01  -0.804254E-02  -0.200974E-03   0.995552E+00	1500
 4006000  0.186079E-01  -0.136123E-01   0.220175E-03   0.994582E+00	1500
 4006500  0.159130E-01  -0.121103E-01   0.681870E-03   0.993056E+00	1500
 4007000  0.218555E-01  -0.545548E-02   0.312838E-03   0.992368E+00	1500
 4007500  0.340681E-01  -0.309572E-02  -0.245884E-03   0.992894E+00	1500
 4008000  0.474648E-01  -0.100809E-01  -0.277361E-03   0.993775E+00	1500
 4008500  0.671456E-01  -0.206601E-01   0.165496E-02   0.993636E+00	1500
 4009000  0.765545E-01  -0.361918E-01   0.229979E-03   0.990752E+00	1500
 4009500  0.781854E-01  -0.295305E-01  -0.412860E-03   0.985687E+00	1500
 4010000  0.782214E-01  -0.562402E-02  -0.158748E-02   0.985122E+00	1500
 4010500  0.720826E-01   0.979404E-02  -0.226610E-02   0.988573E+00	1500
 4011000  0.591947E-01   0.929097E-02  -0.783188E-03   0.991484E+00	1500
 4011500  0.485088E-01   0.604882E-02  -0.423768E-04   0.992533E+00	1500
 4012000  0.438042E-01   0.287394E-02   0.243025E-04   0.993384E+00	1500
 4012500  0.404911E-01  -0.265494E-02   0.525358E-04   0.994116E+00	1500
 4013000  0.353130E-01  -0.739801E-02   0.377325E-03   0.994259E+00	1500
 4013500  0.293706E-01  -0.614321E-02   0.723490E-03   0.993642E+00	1500
 4014000  0.263158E-01  -0.214966E-04   0.372914E-03   0.993338E+00	1500
 4014500  0.266372E-01   0.198950E-02  -0.289318E-04   0.993972E+00	1500
 4015000  0.268749E-01  -0.107148E-02  -0.162826E-03   0.994584E+00	1500
 4015500  0.273066E-01  -0.477475E-02  -0.102450E-03   0.994832E+00	1500
 4016000  0.297013E-01  -0.824045E-02   0.784534E-04   0.994864E+00	1500
 4016500  0.326070E-01  -0.107631E-01   0.388012E-03   0.994008E+00	1500
 4017000  0.347143E-01  -0.710440E-02   0.584641E-03   0.992103E+00	1500
 4017500  0.392155E-01   0.233334E-03   0.167630E-04   0.991267E+00	1500
 4018000  0.434119E-01   0.121117E-02  -0.238466E-03   0.991507E+00	1500
 4018500  0.438161E-01  -0.147737E-02  -0.215570E-04   0.991938E+00	1500
 4019000  0.432308E-01  -0.301420E-02   0.247128E-03   0.992601E+00	1500
 4019500  0.437695E-01  -0.427551E-02   0.248630E-03   0.993406E+00	1500
 4020000  0.435297E-01  -0.595828E-02   0.294746E-03   0.993994E+00	1500
 4020500  0.400962E-01  -0.555418E-02   0.446988E-03   0.993758E+00	1500
 4021000  0.330079E-01   0.492239E-03   0.340489E-03   0.993005E+00	1500
 4021500  0.276301E-01   0.887556E-02   0.115623E-03   0.993240E+00	1500
 4022000  0.257937E-01   0.112554E-01  -0.244835E-04   0.994484E+00	1500
 4022500  0.240742E-01   0.884630E-02  -0.628414E-04   0.995325E+00	1500
 4023000  0.223138E-01   0.565412E-02  -0.809011E-04   0.995523E+00	1500
 4023500  0.216167E-01   0.185914E-02  -0.125844E-03   0.995811E+00	1500
 4024000  0.214491E-01  -0.325755E-02  -0.175765E-03   0.996332E+00	1500
 4024500  0.215669E-01  -0.902995E-02  -0.180655E-03   0.996653E+00	1500
 4025000  0.233121E-01  -0.143285E-01  -0.381145E-04   0.996844E+00	1500
 4025500  0.311666E-01  -0.185988E-01   0.409511E-03   0.996765E+00	1500
 4026000  0.507542E-01  -0.224934E-01   0.788492E-03   0.996045E+00	1500
 4026500  0.694206E-01  -0.301654E-01   0.253958E-03   0.994200E+00	1500
 4027000  0.748881E-01  -0.377872E-01  -0.249432E-03   0.990153E+00	1500
 4027500  0.709183E-01  -0.241664E-01  -0.743224E-03   0.984606E+00	1500
 4028000  0.683056E-01   0.346423E-02  -0.137880E-02   0.983399E+00	1500
 4028500  0.650347E-01   0.191899E-01  -0.114140E-02   0.986543E+00	1500
 4029000  0.598426E-01   0.157167E-01  -0.330339E-03   0.990080E+00	1500
 4029500  0.535212E-01   0.800432E-02  -0.785045E-04   0.992389E+00	1500
 4030000  0.470862E-01   0.347958E-02  -0.149376E-04   0.993695E+00	1500
 4030500  0.426545E-01   0.161226E-02  -0.296706E-04   0.994898E+00	1500
 4031000  0.394041E-01  -0.105404E-02  -0.333380E-04   0.996077E+00	1500
 4031500  0.340952E-01  -0.404653E-02   0.147166E-03   0.996519E+00	1500
 4032000  0.262470E-01  -0.251720E-02   0.441447E-03   0.995759E+00	1500
 4032500  0.200554E-01   0.435421E-02   0.364617E-03   0.995040E+00	1500
 4033000  0.183379E-01   0.844693E-02   0.745053E-04   0.995182E+00	1500
 4033500  0.179036E-01   0.749590E-02  -0.105095E-03   0.995637E+00	1500
 4034000  0.178124E-01   0.431946E-02  -0.201548E-03   0.996386E+00	1500
 4034500  0.187820E-01  -0.765085E-03  -0.301121E-03   0.997556E+00	1500
 4035000  0.206149E-01  -0.798051E-02  -0.415550E-03   0.998733E+00	1500
 4035500  0.244380E-01  -0.166682E-01  -0.393845E-03   0.999661E+00	1500
 4036000  0.386501E-01  -0.240145E-01   0.936482E-03   0.999996E+00	1500
 4036500  0.640351E-01  -0.314072E-01   0.928482E-03   0.998937E+00	1500
 4037000  0.747008E-01  -0.491908E-01   0.160301E-03   0.995273E+00	1500
 4037500  0.829122E-01  -0.543216E-01  -0.988636E-04   0.988790E+00	1500
 4038000  0.848601E-01  -0.339767E-01  -0.772273E-03   0.983711E+00	1500
 4038500  0.862627E-01  -0.979276E-02  -0.180055E-02   0.982995E+00	1500
 4039000  0.827433E-01   0.789973E-02  -0.125210E-02   0.985815E+00	1500
 4039500  0.738672E-01   0.111357E-01  -0.261779E-03   0.989281E+00	1500
 4040000  0.654606E-01   0.786368E-02  -0.897682E-04   0.991618E+00	1500
 4040500  0.591414E-01   0.417697E-02  -0.165370E-03   0.993145E+00	1500
 4041000  0.535486E-01   0.442810E-03  -0.183538E-03   0.994314E+00	1500
 4041500  0.462859E-01  -0.265507E-02   0.245081E-04   0.994854E+00	1500
 4042000  0.363732E-01  -0.127163E-02   0.342678E-03   0.994581E+00	1500
 4042500  0.270866E-01   0.553320E-02   0.281721E-03   0.994614E+00	1500
 4043000  0.225538E-01   0.100457E-01   0.351146E-04   0.995544E+00	1500
 4043500  0.208910E-01   0.958669E-02  -0.116551E-03   0.996421E+00	1500
 4044000  0.209124E-01   0.561202E-02  -0.225932E-03   0.996965E+00	1500
 4044500  0.219858E-01  -0.196304E-02  -0.372284E-03   0.997301E+00	1500
 4045000  0.237046E-01  -0.125218E-01  -0.558598E-03   0.997212E+00	1500
 4045500  0.296064E-01  -0.236278E-01  -0.271761E-03   0.996822E+00	1500
 4046000  0.564345E-01  -0.277530E-01   0.102497E-02   0.996228E+00	1500
 4046500  0.779753E-01  -0.376956E-01   0.347841E-03   0.994818E+00	1500
 4047000  0.885904E-01  -0.555178E-01  -0.916560E-04   0.991435E+00	1500
 4047500  0.101147E+00  -0.537602E-01  -0.446739E-03   0.986145E+00	1500
 4048000  0.103402E+00  -0.311326E-01  -0.115263E-02   0.984411E+00	1500
 4048500  0.973847E-01  -0.161368E-01  -0.673976E-03   0.985880E+00	1500
 4049000  0.845769E-01  -0.981677E-02   0.487966E-03   0.987503E+00	1500
 4049500  0.697703E-01  -0.400979E-02   0.710668E-03   0.988331E+00	1500
 4050000  0.585110E-01   0.450383E-02   0.357404E-03   0.989333E+00	1500
 4050500  0.551826E-01   0.806570E-02  -0.541557E-04   0.991380E+00	1500
 4051000  0.539597E-01   0.514166E-02  -0.280427E-03   0.993628E+00	1500
 4051500  0.506608E-01  -0.121432E-02  -0.290113E-03   0.995356E+00	1500
 4052000  0.452525E-01  -0.830050E-02   0.378921E-03   0.996173E+00	1500
 4052500  0.389146E-01  -0.107800E-01   0.975397E-03   0.995641E+00	1500
 4053000  0.306326E-01  -0.344859E-02   0.427481E-03   0.994604E+00	1500
 4053500  0.279039E-01   0.431420E-02  -0.135873E-03   0.995469E+00	1500
 4054000  0.309850E-01   0.428127E-03  -0.913158E-03   0.996847E+00	1500
 4054500  0.373183E-01  -0.123480E-01  -0.743047E-03   0.996730E+00	1500
 4055000  0.500187E-01  -0.260137E-01   0.148753E-02   0.994404E+00	1500
 4055500  0.529987E-01  -0.331204E-01   0.115072E-03   0.989254E+00	1500
 4056000  0.615808E-01  -0.154929E-01  -0.558407E-03   0.986123E+00	1500
 4056500  0.736576E-01   0.919902E-03  -0.277802E-02   0.988044E+00	1500
 4057000  0.791473E-01   0.445660E-05  -0.138729E-02   0.991381E+00	1500
 4057500  0.852679E-01  -0.121547E-01   0.201992E-02   0.992769E+00	1500
 4058000  0.892648E-01  -0.288135E-01   0.542284E-03   0.991182E+00	1500
 4058500  0.821017E-01  -0.290460E-01  -0.187195E-04   0.985674E+00	1500
 4059000  0.703167E-01  -0.263711E-04   0.261800E-03   0.983197E+00	1500
 4059500  0.564543E-01   0.237799E-01  -0.607165E-03   0.986998E+00	1500
 4060000  0.520362E-01   0.177226E-01  -0.605512E-03   0.990938E+00	1500
 4060500  0.483113E-01   0.991348E-02  -0.380073E-03   0.992796E+00	1500
 4061000  0.442827E-01   0.687989E-02  -0.269113E-03   0.993881E+00	1500
 4061500  0.404156E-01   0.471338E-02  -0.250030E-03   0.994770E+00	1500
 4062000  0.350381E-01   0.166894E-02  -0.231019E-03   0.995782E+00	1500
 4062500  0.285557E-01  -0.226505E-02  -0.196503E-03   0.996847E+00	1500
 4063000  0.232037E-01  -0.830947E-02  -0.132873E-03   0.997707E+00	1500
 4063500  0.220481E-01  -0.170389E-01   0.146195E-03   0.997528E+00	1500
 4064000  0.281210E-01  -0.252442E-01   0.120348E-02   0.995041E+00	1500
 4064500  0.322938E-01  -0.243743E-01   0.306085E-03   0.990487E+00	1500
 4065000  0.457795E-01  -0.112069E-01  -0.950423E-03   0.988035E+00	1500
 4065500  0.619002E-01  -0.429041E-02  -0.195814E-02   0.988776E+00	1500
 4066000  0.672396E-01  -0.106727E-01  -0.352668E-03   0.990101E+00	1500
 4066500  0.709488E-01  -0.171954E-01   0.106173E-02   0.990066E+00	1500
 4067000  0.781170E-01  -0.160416E-01  -0.492588E-03   0.989661E+00	1500
 4067500  0.804331E-01  -0.142248E-01  -0.371375E-03   0.990193E+00	1500
 4068000  0.758367E-01  -0.139105E-01   0.180257E-03   0.990611E+00	1500
 4068500  0.645147E-01  -0.792471E-02   0.353097E-04   0.990835E+00	1500
 4069000  0.516152E-01   0.299098E-02  -0.145344E-03   0.992236E+00	1500
 4069500  0.433973E-01   0.789904E-02  -0.204959E-03   0.994687E+00	1500
 4070000  0.382207E-01   0.559586E-02  -0.195854E-03   0.996717E+00	1500
 4070500  0.333289E-01   0.113314E-02  -0.156347E-03   0.997725E+00	1500
 4071000  0.292471E-01  -0.303230E-02  -0.102533E-03   0.997823E+00	1500
 4071500  0.275022E-01  -0.755614E-02  -0.345335E-04   0.997357E+00	1500
 4072000  0.288082E-01  -0.133187E-01   0.167820E-03   0.996482E+00	1500
 4072500  0.338662E-01  -0.181779E-01   0.792612E-03   0.994812E+00	1500
 4073000  0.400781E-01  -0.161611E-01   0.408013E-03   0.992242E+00	1500
 4073500  0.484771E-01  -0.571494E-02  -0.581641E-03   0.991103E+00	1500
 4074000  0.577817E-01  -0.144863E-02  -0.860943E-03   0.992081E+00	1500
 4074500  0.646899E-01  -0.708139E-02  -0.925542E-04   0.993164E+00	1500
 4075000  0.783591E-01  -0.140639E-01   0.907574E-03   0.993399E+00	1500
 4075500  0.906510E-01  -0.235527E-01   0.287436E-03   0.992619E+00	1500
 4076000  0.886234E-01  -0.351459E-01  -0.166046E-03   0.989844E+00	1500
 4076500  0.767343E-01  -0.171646E-01  -0.605025E-03   0.985493E+00	1500
 4077000  0.660622E-01   0.142986E-01  -0.117930E-02   0.987079E+00	1500
 4077500  0.573542E-01   0.229643E-01  -0.865035E-03   0.992164E+00	1500
 4078000  0.523235E-01   0.109908E-01  -0.431656E-03   0.994659E+00	1500
 4078500  0.460873E-01  -0.119977E-02  -0.188710E-03   0.995156E+00	1500
 4079000  0.381525E-01  -0.926084E-02   0.528623E-03   0.994787E+00	1500
 4079500  0.329389E-01  -0.927070E-02   0.814560E-03   0.993741E+00	1500
 4080000  0.294933E-01  -0.155645E-02   0.317937E-03   0.993094E+00	1500
 4080500  0.296662E-01   0.445174E-02  -0.913631E-04   0.994022E+00	1500
 4081000  0.315901E-01   0.112724E-02  -0.358704E-03   0.995566E+00	1500
 4081500  0.321291E-01  -0.736072E-02  -0.191870E-03   0.996348E+00	1500
 4082000  0.332340E-01  -0.141019E-01   0.100052E-02   0.995607E+00	1500
 4082500  0.370784E-01  -0.140183E-01   0.576827E-03   0.993505E+00	1500
 4083000  0.417494E-01  -0.687667E-02  -0.407568E-03   0.991659E+00	1500
 4083500  0.475801E-01  -0.407185E-03  -0.870893E-03   0.991153E+00	1500
 4084000  0.518381E-01  -0.188770E-02  -0.631161E-03   0.991128E+00	1500
 4084500  0.522233E-01  -0.839283E-02   0.774706E-03   0.990303E+00	1500
 4085000  0.471986E-01  -0.923959E-02   0.135453E-02   0.988125E+00	1500
 4085500  0.394638E-01   0.408439E-02   0.761550E-03   0.986983E+00	1500
 4086000  0.395181E-01   0.135355E-01   0.558620E-04   0.989474E+00	1500
 4086500  0.418484E-01   0.868304E-02  -0.177084E-03   0.992384E+00	1500
 4087000  0.387685E-01  -0.999078E-03  -0.349405E-04   0.993519E+00	1500
 4087500  0.283664E-01  -0.545374E-02   0.605402E-03   0.992699E+00	1500
 4088000  0.187749E-01   0.335939E-02   0.881488E-03   0.991670E+00	1500
 4088500  0.197240E-01   0.122264E-01   0.196778E-03   0.993125E+00	1500
 4089000  0.231174E-01   0.105044E-01  -0.157719E-03   0.995116E+00	1500
 4089500  0.226344E-01   0.544507E-02  -0.152758E-03   0.996091E+00	1500
 4090000  0.214342E-01   0.197523E-02  -0.101174E-03   0.996330E+00	1500
 4090500  0.226206E-01  -0.173281E-02  -0.136671E-03   0.996572E+00	1500
 4091000  0.251206E-01  -0.828071E-02  -0.226543E-03   0.997071E+00	1500
 4091500  0.283024E-01  -0.174547E-01  -0.135064E-03   0.997535E+00	1500
 4092000  0.409827E-01  -0.252658E-01   0.136606E-02   0.997510E+00	1500
 4092500  0.642557E-01  -0.326768E-01   0.480347E-03   0.996234E+00	1500
 4093000  0.736056E-01  -0.469575E-01  -0.354198E-04   0.992857E+00	1500
 4093500  0.755752E-01  -0.457781E-01  -0.355719E-03   0.987181E+00	1500
 4094000  0.778679E-01  -0.206196E-01  -0.792698E-03   0.984333E+00	1500
 4094500  0.802664E-01   0.166283E-02  -0.172636E-02   0.986068E+00	1500
 4095000  0.743080E-01   0.998365E-02  -0.106423E-02   0.989322E+00	1500
 4095500  0.622088E-01   0.746604E-02  -0.232600E-03   0.990868E+00	1500
 4096000  0.514939E-01   0.780006E-02  -0.112612E-04   0.990937E+00	1500
 4096500  0.474491E-01   0.112850E-01  -0.127615E-03   0.991497E+00	1500
 4097000  0.480078E-01   0.115734E-01  -0.273771E-03   0.993292E+00	1500
 4097500  0.481844E-01   0.796781E-02  -0.362551E-03   0.995452E+00	1500
 4098000  0.460943E-01   0.193839E-02  -0.402039E-03   0.997026E+00	1500
 4098500  0.406434E-01  -0.526823E-02  -0.255074E-03   0.997636E+00	1500
 4099000  0.316565E-01  -0.950753E-02   0.531422E-03   0.996632E+00	1500
 4099500  0.218414E-01  -0.302850E-02   0.970890E-03   0.994337E+00	1500
 4100000  0.170394E-01   0.871737E-02   0.545595E-03   0.993801E+00	1500
 4100500  0.181839E-01   0.102836E-01  -0.126647E-03   0.995143E+00	1500
 4101000  0.180421E-01   0.403759E-02  -0.407654E-03   0.995761E+00	1500
 4101500  0.158288E-01  -0.190631E-02  -0.448960E-03   0.995388E+00	1500
 4102000  0.149940E-01  -0.543910E-02  -0.422431E-03   0.995287E+00	1500
 4102500  0.181153E-01  -0.822966E-02  -0.354876E-03   0.995117E+00	1500
 4103000  0.250595E-01  -0.120807E-01  -0.255751E-03   0.995600E+00	1500
 4103500  0.373677E-01  -0.175552E-01   0.203584E-03   0.996129E+00	1500
 4104000  0.610061E-01  -0.230387E-01   0.136557E-02   0.995829E+00	1500
 4104500  0.747885E-01  -0.364310E-01   0.348239E-03   0.993372E+00	1500
 4105000  0.778937E-01  -0.440408E-01  -0.129601E-03   0.987051E+00	1500
 4105500  0.768204E-01  -0.210679E-01  -0.590341E-03   0.981170E+00	1500
 4106000  0.774973E-01   0.697585E-02  -0.190298E-02   0.981610E+00	1500
 4106500  0.736126E-01   0.193575E-01  -0.147060E-02   0.985956E+00	1500
 4107000  0.638748E-01   0.138367E-01  -0.329817E-03   0.989427E+00	1500
 4107500  0.526871E-01   0.766820E-02   0.308722E-04   0.990626E+00	1500
 4108000  0.444448E-01   0.711562E-02   0.463855E-04   0.991085E+00	1500
 4108500  0.411310E-01   0.720001E-02  -0.951965E-04   0.992189E+00	1500
 4109000  0.385627E-01   0.447119E-02  -0.162408E-03   0.993447E+00	1500
 4109500  0.337043E-01   0.364195E-03  -0.107620E-03   0.994387E+00	1500
 4110000  0.254294E-01  -0.255200E-02   0.970704E-04   0.994468E+00	1500
 4110500  0.160899E-01   0.110027E-03   0.321603E-03   0.993321E+00	1500
 4111000  0.129031E-01   0.631028E-02   0.167699E-03   0.992940E+00	1500
 4111500  0.162872E-01   0.603191E-02  -0.215916E-03   0.993970E+00	1500
 4112000  0.196345E-01  -0.208670E-02  -0.540601E-03   0.995191E+00	1500
 4112500  0.206407E-01  -0.136043E-01  -0.683827E-03   0.995833E+00	1500
 4113000  0.236094E-01  -0.236991E-01   0.495719E-03   0.995413E+00	1500
 4113500  0.412575E-01  -0.278800E-01   0.287368E-03   0.993826E+00	1500
 4114000  0.580206E-01  -0.336592E-01   0.826218E-04   0.990706E+00	1500
 4114500  0.625236E-01  -0.292138E-01  -0.640426E-03   0.986092E+00	1500
 4115000  0.697704E-01  -0.919800E-02  -0.138366E-02   0.984663E+00	1500
 4115500  0.741379E-01  -0.927845E-05  -0.138732E-02   0.986885E+00	1500
 4116000  0.687643E-01  -0.584126E-02  -0.108642E-03   0.988584E+00	1500
 4116500  0.554440E-01  -0.927412E-02   0.174002E-02   0.987566E+00	1500
 4117000  0.431519E-01   0.679139E-02   0.143390E-02   0.986494E+00	1500
 4117500  0.471722E-01   0.155688E-01   0.101344E-03   0.989158E+00	1500
 4118000  0.520131E-01   0.997278E-02  -0.283989E-03   0.992187E+00	1500
 4118500  0.514223E-01   0.180659E-02  -0.342319E-03   0.994167E+00	1500
 4119000  0.466469E-01  -0.651643E-02  -0.121641E-03   0.995414E+00	1500
 4119500  0.395880E-01  -0.125522E-01   0.100531E-02   0.995376E+00	1500
 4120000  0.283040E-01  -0.778875E-02   0.103394E-02   0.993242E+00	1500
 4120500  0.174638E-01   0.101178E-01   0.820176E-03   0.992377E+00	1500
 4121000  0.183566E-01   0.185634E-01  -0.611398E-04   0.994662E+00	1500
 4121500  0.240036E-01   0.100252E-01  -0.600255E-03   0.996880E+00	1500
 4122000  0.259260E-01  -0.466176E-02  -0.783659E-03   0.997695E+00	1500
 4122500  0.250865E-01  -0.204197E-01  -0.476588E-03   0.997450E+00	1500
 4123000  0.350183E-01  -0.302106E-01   0.136230E-02   0.995922E+00	1500
 4123500  0.498759E-01  -0.334535E-01  -0.275028E-03   0.992863E+00	1500
 4124000  0.649252E-01  -0.250435E-01  -0.125740E-02   0.989858E+00	1500
 4124500  0.761567E-01  -0.165427E-01  -0.157388E-02   0.989245E+00	1500
 4125000  0.811102E-01  -0.163198E-01   0.894544E-05   0.989683E+00	1500
 4125500  0.852382E-01  -0.212399E-01   0.554864E-03   0.989317E+00	1500
 4126000  0.796755E-01  -0.227715E-01   0.961936E-04   0.987268E+00	1500
 4126500  0.646283E-01  -0.444368E-02  -0.232694E-03   0.985443E+00	1500
 4127000  0.551978E-01   0.127383E-01  -0.641926E-04   0.987810E+00	1500
 4127500  0.542634E-01   0.105532E-01  -0.166399E-03   0.990891E+00	1500
 4128000  0.526326E-01   0.408090E-02  -0.184063E-03   0.992645E+00	1500
 4128500  0.487722E-01  -0.808100E-03  -0.101088E-03   0.993644E+00	1500
 4129000  0.433019E-01  -0.344663E-02   0.120895E-03   0.994393E+00	1500
 4129500  0.372201E-01  -0.313470E-02   0.317165E-03   0.995146E+00	1500
 4130000  0.321750E-01  -0.861678E-03   0.240129E-03   0.995872E+00	1500
 4130500  0.280031E-01  -0.828366E-03   0.753400E-04   0.996542E+00	1500
 4131000  0.223933E-01  -0.282785E-02   0.761919E-04   0.996132E+00	1500
 4131500  0.168873E-01  -0.150897E-02   0.152048E-03   0.994937E+00	1500
 4132000  0.183719E-01   0.131415E-02  -0.395374E-04   0.994655E+00	1500
 4132500  0.263923E-01  -0.253782E-02  -0.389774E-03   0.995602E+00	1500
 4133000  0.366602E-01  -0.135161E-01  -0.409103E-03   0.996296E+00	1500
 4133500  0.539509E-01  -0.251979E-01   0.188146E-02   0.995624E+00	1500
 4134000  0.701274E-01  -0.348997E-01   0.270408E-04   0.992393E+00	1500
 4134500  0.818552E-01  -0.315288E-01  -0.595471E-03   0.987916E+00	1500
 4135000  0.852554E-01  -0.190968E-01  -0.145951E-02   0.985888E+00	1500
 4135500  0.815205E-01  -0.822745E-02  -0.167644E-02   0.986832E+00	1500
 4136000  0.718550E-01  -0.492083E-02  -0.366116E-03   0.988543E+00	1500
 4136500  0.560149E-01  -0.103868E-02   0.835782E-03   0.988699E+00	1500
 4137000  0.449613E-01   0.121253E-01   0.659859E-03   0.988510E+00	1500
 4137500  0.475251E-01   0.168376E-01   0.131950E-03   0.990368E+00	1500
 4138000  0.507903E-01   0.116163E-01  -0.107463E-03   0.992342E+00	1500
 4138500  0.503510E-01   0.382809E-02  -0.242865E-03   0.993940E+00	1500
 4139000  0.463448E-01  -0.384431E-02  -0.179806E-03   0.995217E+00	1500
 4139500  0.396396E-01  -0.959311E-02   0.565915E-03   0.995660E+00	1500
 4140000  0.314150E-01  -0.789248E-02   0.100713E-02   0.994599E+00	1500
 4140500  0.212085E-01   0.518138E-02   0.764292E-03   0.993868E+00	1500
 4141000  0.189863E-01   0.144893E-01   0.178298E-03   0.995990E+00	1500
 4141500  0.214321E-01   0.955368E-02  -0.370308E-03   0.998819E+00	1500
 4142000  0.212523E-01  -0.200001E-02  -0.575994E-03   0.100042E+01	1500
 4142500  0.192152E-01  -0.149377E-01  -0.450198E-03   0.100026E+01	1500
 4143000  0.233948E-01  -0.255029E-01   0.121381E-02   0.998150E+00	1500
 4143500  0.334467E-01  -0.325883E-01   0.686654E-03   0.993277E+00	1500
 4144000  0.383730E-01  -0.258261E-01  -0.217155E-03   0.987168E+00	1500
 4144500  0.519129E-01  -0.719573E-02  -0.122297E-02   0.984963E+00	1500
 4145000  0.658757E-01   0.531892E-02  -0.213065E-02   0.987034E+00	1500
 4145500  0.703112E-01   0.239425E-03  -0.843962E-03   0.990381E+00	1500
 4146000  0.736564E-01  -0.145065E-01   0.153305E-02   0.992105E+00	1500
 4146500  0.773312E-01  -0.319183E-01   0.626005E-03   0.990922E+00	1500
 4147000  0.668712E-01  -0.256088E-01   0.471230E-03   0.985653E+00	1500
 4147500  0.565271E-01   0.655023E-02   0.776329E-03   0.984973E+00	1500
 4148000  0.497107E-01   0.260491E-01  -0.365586E-03   0.989972E+00	1500
 4148500  0.503772E-01   0.151109E-01  -0.497773E-03   0.993842E+00	1500
 4149000  0.465031E-01   0.448232E-02  -0.315005E-03   0.995381E+00	1500
 4149500  0.388465E-01  -0.108533E-02  -0.139217E-03   0.995949E+00	1500
 4150000  0.306014E-01  -0.129982E-02   0.521316E-04   0.996036E+00	1500
 4150500  0.271957E-01   0.837903E-03   0.338946E-04   0.996262E+00	1500
 4151000  0.286833E-01  -0.157016E-02  -0.146952E-03   0.997346E+00	1500
 4151500  0.318749E-01  -0.951000E-02  -0.295242E-03   0.998090E+00	1500
 4152000  0.405380E-01  -0.189873E-01   0.168180E-03   0.998182E+00	1500
 4152500  0.667104E-01  -0.246233E-01   0.860922E-03   0.996908E+00	1500
 4153000  0.779946E-01  -0.418097E-01   0.182600E-03   0.993792E+00	1500
 4153500  0.842567E-01  -0.536030E-01  -0.224402E-03   0.987526E+00	1500
 4154000  0.895768E-01  -0.293193E-01  -0.874578E-03   0.983097E+00	1500
 4154500  0.932958E-01  -0.486877E-02  -0.193022E-02   0.984529E+00	1500
 4155000  0.866527E-01   0.378161E-02  -0.895077E-03   0.988818E+00	1500
 4155500  0.753547E-01  -0.316050E-02   0.225435E-03   0.991955E+00	1500
 4156000  0.732775E-01  -0.110342E-01   0.919418E-03   0.993159E+00	1500
 4156500  0.682856E-01  -0.139529E-01   0.256705E-03   0.992182E+00	1500
 4157000  0.525302E-01   0.530405E-03  -0.353061E-04   0.990354E+00	1500
 4157500  0.417274E-01   0.154376E-01  -0.384388E-04   0.991923E+00	1500
 4158000  0.408896E-01   0.109569E-01  -0.381924E-03   0.994484E+00	1500
 4158500  0.376347E-01   0.114371E-02  -0.403745E-03   0.996051E+00	1500
 4159000  0.302806E-01  -0.584815E-02  -0.873876E-04   0.996487E+00	1500
 4159500  0.238260E-01  -0.659769E-02   0.410539E-03   0.996051E+00	1500
 4160000  0.238514E-01  -0.433076E-02   0.207206E-03   0.995876E+00	1500
 4160500  0.295601E-01  -0.670194E-02  -0.279681E-03   0.996012E+00	1500
 4161000  0.379218E-01  -0.140519E-01   0.114465E-03   0.995480E+00	1500
 4161500  0.504494E-01  -0.203229E-01   0.882597E-03   0.993611E+00	1500
 4162000  0.651467E-01  -0.229284E-01  -0.371090E-03   0.990711E+00	1500
 4162500  0.723411E-01  -0.232506E-01  -0.285533E-03   0.987513E+00	1500
 4163000  0.691191E-01  -0.139822E-01  -0.551153E-03   0.984850E+00	1500
 4163500  0.645522E-01   0.238777E-02  -0.904450E-03   0.985453E+00	1500
 4164000  0.608900E-01   0.897360E-02  -0.594401E-03   0.988409E+00	1500
 4164500  0.563926E-01   0.587536E-02  -0.191514E-03   0.990825E+00	1500
 4165000  0.511996E-01   0.154680E-03   0.444422E-04   0.992257E+00	1500
 4165500  0.460899E-01  -0.376683E-02   0.316745E-03   0.992777E+00	1500
 4166000  0.415568E-01  -0.420225E-02   0.422808E-03   0.992447E+00	1500
 4166500  0.359764E-01  -0.130632E-02   0.337281E-03   0.991958E+00	1500
 4167000  0.295254E-01   0.421381E-02   0.238132E-03   0.991905E+00	1500
 4167500  0.260630E-01   0.881024E-02   0.104706E-03   0.992769E+00	1500
 4168000  0.258438E-01   0.833441E-02  -0.413704E-04   0.994303E+00	1500
 4168500  0.263558E-01   0.349890E-02  -0.168256E-03   0.995400E+00	1500
 4169000  0.270140E-01  -0.371892E-02  -0.290827E-03   0.996096E+00	1500
 4169500  0.290930E-01  -0.124713E-01  -0.356360E-03   0.996623E+00	1500
 4170000  0.386161E-01  -0.212918E-01   0.444095E-03   0.996868E+00	1500
 4170500  0.634979E-01  -0.285398E-01   0.101851E-02   0.996021E+00	1500
 4171000  0.744293E-01  -0.451595E-01   0.141086E-03   0.993068E+00	1500
 4171500  0.796323E-01  -0.492938E-01  -0.282137E-03   0.987408E+00	1500
 4172000  0.831364E-01  -0.255342E-01  -0.985020E-03   0.983797E+00	1500
 4172500  0.865571E-01  -0.199653E-02  -0.208182E-02   0.985337E+00	1500
 4173000  0.819538E-01   0.627446E-02  -0.111235E-02   0.989139E+00	1500
 4173500  0.724782E-01  -0.531556E-03  -0.131920E-03   0.991672E+00	1500
 4174000  0.654963E-01  -0.939552E-02   0.109317E-02   0.992429E+00	1500
 4174500  0.582366E-01  -0.114069E-01   0.815309E-03   0.991322E+00	1500
 4175000  0.414149E-01   0.442781E-02   0.638083E-03   0.990101E+00	1500
 4175500  0.356143E-01   0.189854E-01   0.208723E-03   0.992832E+00	1500
 4176000  0.406804E-01   0.141272E-01  -0.358888E-03   0.996582E+00	1500
 4176500  0.411277E-01   0.324976E-02  -0.511477E-03   0.998966E+00	1500
 4177000  0.367920E-01  -0.917534E-02  -0.417093E-03   0.999728E+00	1500
 4177500  0.319817E-01  -0.196974E-01   0.141970E-02   0.998195E+00	1500
 4178000  0.260119E-01  -0.192353E-01   0.887850E-03   0.993770E+00	1500
 4178500  0.236916E-01  -0.374467E-02   0.888109E-03   0.990644E+00	1500
 4179000  0.288490E-01   0.978778E-02  -0.347003E-03   0.991299E+00	1500
 4179500  0.364978E-01   0.100685E-01  -0.134434E-02   0.993536E+00	1500
 4180000  0.407836E-01  -0.132181E-02  -0.103119E-02   0.994565E+00	1500
 4180500  0.434175E-01  -0.137606E-01   0.862341E-03   0.993846E+00	1500
 4181000  0.533267E-01  -0.181979E-01   0.979403E-03   0.991541E+00	1500
 4181500  0.588910E-01  -0.109197E-01  -0.433123E-03   0.989170E+00	1500
 4182000  0.637284E-01  -0.146447E-02  -0.120286E-02   0.990218E+00	1500
 4182500  0.646191E-01  -0.535849E-02  -0.408388E-03   0.992354E+00	1500
 4183000  0.604434E-01  -0.138513E-01   0.143884E-02   0.991836E+00	1500
 4183500  0.476831E-01  -0.686378E-02   0.759099E-03   0.989041E+00	1500
 4184000  0.380169E-01   0.133861E-01   0.517854E-03   0.989078E+00	1500
 4184500  0.380358E-01   0.188981E-01  -0.170858E-03   0.991774E+00	1500
 4185000  0.393605E-01   0.120896E-01  -0.220538E-03   0.993941E+00	1500
 4185500  0.382393E-01   0.272556E-02  -0.241435E-03   0.995521E+00	1500
 4186000  0.353382E-01  -0.689029E-02  -0.225067E-03   0.996457E+00	1500
 4186500  0.335179E-01  -0.158131E-01   0.243927E-03   0.996408E+00	1500
 4187000  0.439120E-01  -0.216178E-01   0.765336E-03   0.995138E+00	1500
 4187500  0.572331E-01  -0.284662E-01   0.223713E-03   0.992557E+00	1500
 4188000  0.591854E-01  -0.301745E-01  -0.340047E-03   0.988362E+00	1500
 4188500  0.598532E-01  -0.131596E-01  -0.914294E-03   0.985407E+00	1500
 4189000  0.633765E-01   0.534650E-02  -0.136234E-02   0.986815E+00	1500
 4189500  0.639710E-01   0.896054E-02  -0.836004E-03   0.990161E+00	1500
 4190000  0.628435E-01  -0.854335E-03  -0.399358E-03   0.992214E+00	1500
 4190500  0.675720E-01  -0.125769E-01   0.104348E-02   0.992555E+00	1500
 4191000  0.727168E-01  -0.250850E-01   0.646613E-03   0.990720E+00	1500
 4191500  0.583915E-01  -0.154508E-01   0.548423E-03   0.985959E+00	1500
 4192000  0.492309E-01   0.165150E-01   0.257683E-03   0.987303E+00	1500
 4192500  0.491977E-01   0.237632E-01  -0.729717E-03   0.993936E+00	1500
 4193000  0.518020E-01   0.636203E-02  -0.741175E-03   0.998084E+00	1500
 4193500  0.512375E-01  -0.114674E-01   0.228654E-03   0.999418E+00	1500
 4194000  0.556308E-01  -0.261286E-01   0.805512E-03   0.998127E+00	1500
 4194500  0.442792E-01  -0.319199E-01   0.368520E-03   0.992790E+00	1500
 4195000  0.385528E-01  -0.102519E-01   0.215356E-02   0.988315E+00	1500
 4195500  0.372135E-01   0.140001E-01   0.427792E-03   0.988601E+00	1500
 4196000  0.409430E-01   0.244219E-01  -0.106136E-02   0.992087E+00	1500
 4196500  0.430397E-01   0.159414E-01  -0.710946E-03   0.994919E+00	1500
 4197000  0.398638E-01  -0.777517E-03  -0.463939E-03   0.995711E+00	1500
 4197500  0.353978E-01  -0.138104E-01   0.102808E-02   0.994966E+00	1500
 4198000  0.408399E-01  -0.155729E-01   0.629644E-03   0.992802E+00	1500
 4198500  0.442164E-01  -0.699704E-02  -0.267318E-03   0.990865E+00	1500
 4199000  0.479455E-01   0.321519E-02  -0.828141E-03   0.991824E+00	1500
 4199500  0.505043E-01   0.418179E-03  -0.803940E-03   0.993942E+00	1500
 4200000  0.479722E-01  -0.105311E-01   0.115520E-02   0.993570E+00	1500
